30

20


9.062 7.101 4.106 9.647 5.995 8.788 0.817 1.635 3.498 1.648 7.593 7.241 3.907 6.136 2.780 4.815 8.428 2.197 3.130 8.804 

9.583 56.260 93.490 35.838 85.299 97.343 29.979 40.725 74.894 98.222 74.612 53.848 92.631 25.494 75.449 72.758 46.326 23.388 21.606 37.371
3.881 40.611 64.628 2.187 45.164 78.659 12.784 87.315 1.970 13.128 94.029 36.827 33.594 56.084 17.455 54.256 86.822 27.158 8.876 30.950
47.780 52.657 61.793 56.057 7.097 74.002 5.465 43.256 8.427 15.947 85.238 43.213 43.028 8.836 50.588 98.562 92.243 2.652 51.265 72.301
21.368 48.626 59.320 96.998 58.880 48.609 64.969 75.872 61.630 80.640 67.219 36.746 29.093 94.176 44.000 76.598 96.394 43.025 63.095 87.746
73.827 43.779 45.952 6.453 24.864 39.578 99.805 61.262 98.439 73.973 23.654 47.996 88.450 43.716 8.903 8.045 3.398 15.636 64.757 90.788
99.171 94.373 39.084 4.652 55.815 18.103 48.415 24.160 8.138 96.532 15.617 87.298 81.685 17.304 46.511 32.914 62.249 3.340 96.512 23.984
24.916 29.278 21.073 17.850 4.264 63.759 34.627 98.302 22.911 56.587 70.856 45.935 3.782 96.577 60.534 47.877 53.883 44.830 10.966 29.872
24.326 60.164 18.303 76.519 30.410 51.243 78.323 28.332 23.147 43.524 29.493 85.949 63.162 6.203 69.094 34.913 39.568 35.538 22.890 56.073
1.560 80.058 65.964 89.142 43.510 15.861 15.405 92.860 44.157 44.666 90.308 43.189 37.971 84.476 51.924 81.861 29.498 3.892 41.012 22.117
84.052 49.484 18.774 36.002 16.375 51.596 43.067 74.261 95.683 10.787 61.943 49.946 62.305 84.312 66.301 53.803 4.473 37.258 38.543 39.854
63.801 63.478 39.269 63.798 21.704 58.590 83.212 33.372 44.023 90.218 93.584 5.048 17.099 37.111 42.024 97.615 14.355 4.163 84.499 51.814
53.693 16.394 12.186 90.072 55.749 23.384 71.851 51.918 29.242 84.681 72.650 92.461 97.991 55.833 97.388 98.773 42.493 32.629 84.190 28.953
44.470 84.664 13.624 50.477 37.884 68.446 54.995 42.039 76.007 74.261 88.536 87.516 3.770 16.394 50.515 33.981 10.061 90.188 64.446 72.774
84.795 10.755 50.026 43.806 10.151 0.496 66.398 95.210 75.340 63.200 50.383 32.669 83.341 92.732 59.450 6.500 47.173 11.282 33.087 77.458
84.050 99.415 36.186 77.536 64.488 28.426 41.745 99.377 58.057 51.927 7.850 1.095 3.871 90.553 14.141 51.270 22.605 89.412 33.908 74.755
49.236 92.228 68.112 30.858 13.057 55.881 7.620 69.190 47.911 96.125 25.832 58.228 8.365 48.379 13.891 10.712 7.719 43.413 57.879 51.768
94.924 84.503 37.401 99.757 97.763 95.973 8.239 76.854 54.080 96.496 27.232 43.477 42.323 19.647 63.260 15.271 66.195 52.833 6.107 65.138
77.757 39.334 65.000 40.856 24.636 52.331 63.559 95.803 6.923 31.668 9.055 32.127 99.258 88.952 65.145 76.476 54.046 68.037 34.462 61.170
64.674 72.432 22.475 79.442 24.047 78.531 97.431 17.079 63.466 8.905 94.071 70.490 48.486 32.010 77.504 39.459 91.102 74.773 18.353 43.529
7.748 93.920 47.017 37.661 33.355 84.542 36.787 58.715 96.054 0.219 26.106 99.058 75.981 96.194 50.174 33.805 93.713 27.119 97.323 77.516
9.095 33.948 43.151 9.251 83.313 25.017 1.703 46.998 64.593 93.396 88.118 27.973 88.065 4.447 57.542 74.397 52.703 83.599 63.927 29.730
21.154 59.298 85.316 85.343 59.354 76.862 39.940 62.902 69.676 24.021 61.329 49.986 46.946 22.218 31.002 36.853 97.867 35.515 94.758 4.609
83.198 62.891 92.355 91.804 28.958 11.130 26.341 90.211 44.483 31.317 20.083 91.815 48.182 4.334 62.769 25.842 16.873 77.537 59.221 52.921
47.367 68.933 50.255 57.461 63.053 68.896 39.035 15.095 42.770 11.144 80.329 31.866 81.608 32.050 42.703 16.848 2.126 49.063 69.115 15.477
63.554 89.631 48.110 49.199 13.751 34.864 74.669 14.607 39.154 85.411 33.849 19.108 18.881 56.979 11.987 99.082 86.319 96.155 24.712 27.585
36.885 21.711 80.734 20.547 91.436 81.352 23.790 36.175 68.123 34.107 95.142 21.716 47.471 73.686 71.815 50.602 31.865 3.578 92.723 54.989
19.376 92.329 43.121 90.079 83.665 39.736 6.017 42.895 58.221 73.590 40.486 74.030 82.427 0.451 91.303 70.559 94.719 33.718 91.339 93.093
17.476 84.655 74.454 11.686 87.042 93.405 3.805 18.439 48.188 69.689 47.496 27.770 89.431 1.413 68.551 90.365 36.595 18.373 56.523 10.241
47.063 72.874 42.241 45.432 72.648 22.013 54.489 8.535 73.470 51.033 14.533 46.301 68.422 83.651 14.011 12.740 54.608 11.815 88.160 18.361
77.803 40.027 96.967 49.919 60.842 84.660 22.458 0.017 24.376 47.476 5.309 26.131 36.286 69.485 54.506 78.304 8.900 86.530 53.963 84.172

709.078 485.181 557.064 899.335 519.671 470.183 447.936 508.316 634.949 432.478 481.532 870.622 511.380 862.878 474.302 569.097 776.742 441.134 633.439 440.033 483.847 502.930 677.726 282.567 475.103 620.132 856.750 513.254 568.056 493.456 
