30

20


0.367 6.437 6.722 6.521 9.571 2.011 1.020 8.595 1.528 0.071 1.204 1.244 9.928 6.552 3.534 4.696 9.691 6.550 8.974 8.285 

54.750 98.936 32.462 59.366 26.998 34.957 71.332 61.053 96.343 66.140 49.283 64.284 33.320 92.772 61.512 71.466 25.181 70.686 58.004 8.799
92.879 37.243 23.843 38.389 43.099 69.338 88.121 57.002 68.396 1.669 2.906 6.825 92.750 61.042 63.478 77.006 47.267 49.246 1.414 52.131
11.475 67.956 30.311 68.651 64.693 68.636 17.465 92.329 24.770 24.793 21.223 59.661 91.863 84.992 18.395 81.168 18.476 48.130 51.324 37.097
32.475 57.910 48.866 16.505 44.935 6.731 10.869 4.816 73.409 23.737 12.461 30.190 7.872 88.973 39.293 52.956 71.471 36.476 84.379 80.445
63.190 44.223 79.020 83.796 10.223 48.123 68.058 32.751 5.918 4.827 33.278 85.411 85.714 44.989 70.284 55.599 45.655 69.939 73.143 84.310
54.912 70.041 49.629 55.501 38.564 88.153 13.354 8.629 3.022 33.597 8.676 97.409 65.541 60.787 69.419 45.211 89.165 75.117 4.177 91.377
18.838 24.591 99.307 89.966 98.536 94.353 66.029 63.148 15.398 66.954 40.428 60.984 17.998 88.871 65.356 12.859 97.827 3.640 26.053 67.143
1.562 23.710 16.014 2.189 1.051 44.836 42.009 50.544 99.520 21.371 45.380 90.793 65.357 97.863 19.099 38.449 94.491 91.007 19.868 50.289
67.256 69.635 63.546 13.567 30.394 16.263 44.812 55.482 54.134 41.155 64.522 60.650 68.058 76.736 21.945 78.145 77.777 2.419 22.551 60.294
79.560 79.432 69.682 77.135 12.907 0.222 1.411 24.698 95.357 42.809 46.191 12.342 11.086 18.506 48.558 27.953 34.566 12.915 46.097 69.119
42.741 5.440 92.515 76.295 18.651 37.929 90.100 42.555 15.183 86.918 40.821 35.682 74.784 51.771 98.356 23.194 26.519 68.625 65.683 80.914
97.744 19.872 39.059 89.484 98.349 12.845 53.555 51.763 13.509 90.870 75.674 20.280 12.333 98.716 92.671 75.566 64.104 17.148 40.706 22.047
98.155 71.893 33.697 39.872 66.154 57.780 2.861 42.549 28.753 68.871 65.319 32.266 99.340 15.403 84.111 84.930 57.043 95.235 71.654 14.577
69.326 90.911 51.746 82.530 96.214 83.788 19.714 73.282 18.589 90.726 29.943 1.140 31.476 77.031 96.239 7.133 13.379 5.604 64.288 48.385
76.125 12.743 26.343 84.631 28.447 86.813 38.863 34.410 25.021 0.418 16.396 96.625 18.293 49.470 51.734 68.341 63.796 2.565 19.144 15.349
67.961 89.658 6.157 85.021 31.323 42.098 83.587 14.656 72.298 75.394 60.069 26.568 63.310 25.877 4.154 13.714 3.155 29.341 60.910 91.622
31.553 77.536 75.054 88.041 90.282 38.498 24.420 98.912 64.190 12.357 16.665 78.181 42.896 68.976 4.479 10.190 53.779 60.328 54.585 66.445
22.100 22.186 91.885 89.725 6.778 42.856 8.591 65.956 41.197 49.572 39.299 14.028 17.005 89.583 19.825 21.226 48.498 34.281 37.108 68.853
86.454 14.605 95.384 9.420 82.820 75.408 42.067 39.128 12.066 78.517 22.771 84.446 95.615 56.496 24.194 5.059 79.344 9.486 40.154 54.276
17.867 68.178 41.634 43.102 72.547 20.479 98.425 46.410 86.446 92.994 66.959 50.481 8.104 54.363 21.599 43.765 26.876 81.578 80.154 64.658
63.716 83.018 32.563 47.374 8.918 62.465 58.214 36.977 42.536 5.672 10.383 4.847 19.569 49.915 25.904 61.250 88.108 17.397 61.369 59.360
38.664 4.845 13.950 18.333 12.778 83.652 59.226 6.273 89.148 91.520 17.296 93.878 71.517 39.524 54.530 36.021 28.986 48.747 53.907 66.597
73.908 0.674 22.851 95.553 72.066 71.976 67.417 70.705 81.078 29.598 70.594 27.609 55.119 42.760 20.361 3.560 21.162 20.055 97.744 29.808
26.359 5.540 75.858 96.980 31.219 8.920 21.705 67.469 35.782 89.109 31.785 5.691 55.668 55.793 5.151 49.628 69.869 23.275 47.900 18.718
8.028 38.222 29.141 47.653 11.044 61.359 77.830 8.914 31.615 2.748 16.508 15.522 33.198 29.321 45.787 43.213 15.066 43.871 53.764 60.148
11.943 45.616 32.820 95.957 41.781 24.243 81.805 53.164 56.813 22.862 89.324 46.357 29.159 6.566 68.558 6.094 24.694 23.459 53.793 31.881
14.744 97.251 15.046 54.870 25.792 12.020 83.244 48.859 25.198 80.874 24.779 55.404 88.806 37.395 58.288 21.111 10.159 48.049 55.210 49.003
64.411 42.686 57.821 2.862 86.603 6.620 68.295 75.651 50.616 45.067 63.186 83.513 70.844 82.531 31.335 9.895 68.300 10.203 16.349 80.058
18.255 97.941 37.212 78.568 25.972 53.362 41.033 53.038 3.134 90.603 21.960 75.151 95.572 93.595 57.469 32.933 80.731 37.333 99.282 45.541
90.918 64.338 88.413 57.823 30.004 62.084 28.276 74.666 99.765 48.100 17.863 32.497 47.356 97.141 50.432 56.296 12.407 88.246 59.372 88.606

1063.237 964.304 521.249 632.152 666.549 682.122 562.861 562.891 758.735 447.744 747.464 836.426 825.084 782.013 631.434 489.471 516.622 472.935 458.985 390.376 420.114 487.814 441.491 396.371 541.182 587.384 627.626 646.880 771.112 502.712 
