30

20


3.010 7.217 2.182 1.303 9.537 9.185 4.587 8.955 6.220 6.204 3.606 3.243 0.607 4.437 8.087 8.388 9.434 7.638 8.845 8.241 

65.760 88.856 34.718 46.482 99.454 42.829 63.876 24.771 56.219 35.780 52.858 90.643 20.071 63.981 60.633 70.654 46.057 52.041 31.832 59.442
7.618 69.906 41.087 4.163 81.030 60.168 61.946 91.327 89.522 34.262 78.945 47.124 80.632 83.455 8.118 35.131 38.899 3.888 60.824 40.853
59.585 41.657 11.770 15.822 87.490 25.536 11.205 30.452 12.752 62.796 82.751 16.720 91.201 28.175 28.817 77.363 97.911 9.755 59.580 7.723
36.114 90.135 19.716 35.955 31.081 8.715 75.228 20.636 27.677 72.025 49.787 57.315 6.042 28.072 73.622 7.816 53.954 53.773 2.074 51.144
34.285 31.243 91.862 5.522 14.723 40.729 32.184 40.335 27.329 37.915 55.637 43.987 73.475 41.764 6.618 11.922 39.380 70.777 22.044 8.500
6.815 19.380 53.073 47.761 25.820 95.318 67.393 4.247 31.221 52.745 6.656 46.405 22.303 66.554 24.566 48.453 27.509 49.835 50.606 6.268
47.941 98.137 61.047 12.872 62.705 88.680 30.755 43.943 84.384 55.748 82.097 48.236 27.968 22.705 33.609 21.892 57.413 97.285 92.381 77.814
6.058 86.762 72.488 14.311 86.622 88.136 96.342 48.312 67.122 6.508 63.950 56.639 50.887 61.942 2.430 15.299 44.837 63.890 90.321 92.981
5.574 6.974 78.738 77.842 38.457 95.391 1.165 26.959 46.515 34.979 16.539 16.132 22.054 4.837 35.598 80.646 42.984 80.172 41.607 72.418
27.516 78.584 71.781 23.061 28.307 69.238 36.905 59.566 7.668 84.386 71.887 28.548 50.597 34.324 56.239 22.630 97.337 9.577 40.335 80.925
77.050 80.892 8.453 7.862 95.490 81.123 9.537 81.067 73.619 40.501 83.862 36.989 44.615 57.152 38.246 13.533 13.407 72.407 20.173 68.685
47.844 78.183 61.029 62.336 93.679 85.084 54.079 14.788 24.746 17.094 54.723 54.908 82.595 15.024 68.805 22.752 26.331 92.240 97.958 31.082
37.172 37.080 16.121 13.800 56.367 92.150 7.587 24.313 79.163 72.526 47.209 52.301 38.747 71.814 68.494 36.242 42.889 40.378 46.264 51.527
61.785 79.011 57.165 25.530 36.722 81.662 32.711 29.385 49.258 93.462 91.645 13.060 33.552 62.652 47.154 88.424 31.853 46.908 8.994 10.553
96.797 83.781 22.584 41.278 18.923 45.777 25.851 27.291 48.597 25.538 90.569 57.213 14.756 67.763 91.225 22.120 15.146 83.583 21.972 31.471
87.798 39.685 4.197 55.899 99.379 94.389 64.355 94.226 27.336 16.278 23.462 64.123 29.267 67.708 67.872 36.505 59.479 57.732 25.330 78.158
5.342 82.806 64.026 59.012 53.959 24.660 71.508 85.363 91.771 40.219 11.335 72.748 17.954 69.732 63.574 21.237 76.143 81.343 69.358 54.993
38.393 2.804 53.743 90.047 68.399 76.126 77.836 98.022 97.955 21.536 28.970 38.592 30.785 9.494 85.154 30.722 65.000 25.264 77.611 35.699
75.865 23.026 43.452 13.369 92.012 2.335 87.945 65.623 20.855 34.207 41.957 30.096 78.807 9.936 27.892 0.110 5.244 0.795 45.507 7.427
84.717 65.333 16.928 29.240 66.899 98.056 78.048 97.376 72.599 13.116 69.863 46.589 38.587 95.928 24.770 56.557 68.954 50.625 48.582 49.743
18.212 6.653 98.849 4.671 12.237 27.156 19.028 95.636 76.212 89.325 5.368 21.508 8.454 94.898 66.390 18.010 68.000 26.274 1.202 48.881
29.770 43.255 88.411 21.736 31.843 52.313 53.572 50.660 35.219 48.504 24.245 48.151 26.448 40.647 24.275 39.543 55.522 13.101 74.260 20.003
94.311 99.997 89.823 2.620 22.211 71.684 63.997 54.488 69.706 52.295 46.629 37.844 99.510 56.871 23.822 60.037 2.520 40.248 68.711 71.833
85.874 53.727 16.668 3.609 49.543 71.506 7.416 25.265 25.444 16.357 84.450 52.739 86.681 34.560 31.295 34.804 68.682 1.628 41.705 53.978
5.759 86.141 38.271 80.212 4.037 96.031 36.174 24.463 19.964 19.959 86.129 81.374 25.895 95.399 60.053 52.956 32.481 42.887 74.250 81.662
31.919 71.674 65.024 43.333 56.928 6.153 59.875 67.358 52.196 20.106 98.629 37.988 13.192 18.122 30.262 80.558 57.785 59.628 29.757 17.240
59.150 54.244 43.158 46.725 46.598 91.949 32.497 66.472 83.510 31.795 49.817 62.872 29.350 71.547 7.438 22.950 77.776 49.144 83.872 51.622
45.797 19.853 14.418 88.501 46.872 45.838 59.438 17.234 14.486 11.337 95.918 90.496 94.850 20.095 46.875 45.548 9.411 10.890 40.092 47.460
32.554 60.181 54.101 17.616 43.565 31.767 98.664 95.454 55.005 57.795 89.899 73.474 26.925 16.955 7.123 85.979 50.699 1.550 45.330 37.945
80.635 24.536 96.904 76.038 34.405 78.647 45.712 53.914 47.199 90.256 73.691 49.951 69.218 87.695 7.048 85.902 12.402 83.221 65.056 9.764

737.622 798.681 309.422 206.464 330.611 565.645 751.111 823.354 582.532 643.440 504.891 548.531 428.763 609.432 470.936 891.047 436.842 837.849 345.881 560.520 587.578 400.305 181.093 263.704 537.218 640.566 925.984 408.900 775.565 664.728 
