30

20


3.316 3.831 0.835 3.793 1.124 4.307 4.158 9.921 6.731 4.283 4.049 7.785 1.525 8.231 6.158 6.673 5.657 2.994 8.518 6.044 

72.858 61.816 17.372 49.739 74.725 16.737 82.020 78.731 36.725 52.697 64.987 85.564 23.204 49.206 30.796 29.698 47.473 23.542 0.790 94.536
45.200 32.415 27.535 49.195 19.032 12.558 93.455 36.185 92.356 20.069 42.977 94.083 75.760 24.769 58.471 30.592 91.170 51.211 85.303 3.468
76.989 22.265 71.023 39.919 8.229 79.656 11.609 79.590 25.591 89.740 65.811 40.323 90.323 20.092 70.923 49.655 53.884 42.184 48.518 81.582
31.603 1.429 61.549 99.256 79.285 63.284 50.599 34.395 24.469 30.840 92.548 72.346 32.214 33.834 26.579 71.864 0.303 61.324 12.299 25.603
64.874 82.937 94.078 42.583 6.832 96.947 68.412 52.160 11.826 86.678 92.481 37.218 56.682 45.030 67.811 19.989 71.720 10.657 95.439 42.931
88.864 18.838 52.643 32.356 49.795 95.500 43.899 38.577 11.191 83.242 62.463 52.537 38.424 97.605 37.127 85.797 65.779 24.140 14.447 12.999
46.644 43.332 47.532 49.295 48.262 94.004 75.420 52.665 65.000 49.376 91.579 59.285 9.304 5.432 91.798 81.300 6.463 9.608 67.050 69.752
15.230 2.937 53.927 12.000 28.173 57.108 36.592 87.470 60.861 46.487 22.327 41.323 9.825 3.874 58.592 92.877 85.321 56.026 13.318 50.765
73.612 97.268 43.933 68.039 32.812 58.257 16.503 24.680 15.923 37.333 97.420 67.802 61.276 47.737 51.083 48.539 42.397 73.575 90.391 23.008
25.509 83.450 55.922 57.838 61.064 65.578 28.695 59.700 22.526 96.376 42.263 65.455 1.854 4.030 48.290 10.059 19.016 5.194 1.625 0.075
16.371 31.963 8.236 5.831 63.573 7.501 15.914 73.276 43.210 44.346 53.733 65.590 25.534 9.728 36.471 65.012 10.499 93.350 79.625 17.694
25.783 93.765 8.328 84.578 99.103 95.266 19.479 60.161 97.861 84.235 25.259 19.773 73.446 27.966 47.144 30.047 15.169 17.771 92.696 33.765
47.144 15.738 46.543 56.928 0.701 34.165 84.168 12.218 24.301 56.582 35.115 83.546 94.393 91.242 48.959 97.449 39.855 48.277 93.982 37.080
78.129 98.001 73.057 16.281 82.477 90.543 13.310 27.953 71.731 23.116 12.811 85.993 28.473 49.581 46.677 16.570 36.295 82.301 1.510 17.940
28.172 86.312 44.249 23.538 22.603 93.530 34.550 69.032 63.017 51.496 20.670 76.041 24.641 27.978 59.521 14.464 18.030 69.062 99.684 53.946
12.019 9.573 32.227 65.401 50.270 52.518 42.153 54.328 55.323 43.802 78.200 34.627 70.102 44.207 60.661 83.083 67.473 67.330 29.341 63.975
44.771 24.777 24.958 2.422 90.367 53.441 36.359 77.595 71.587 91.157 87.711 66.263 72.840 98.412 57.070 69.019 22.395 89.988 92.008 56.463
75.628 90.862 69.231 58.269 48.457 22.283 90.059 18.635 3.170 88.316 44.260 99.648 15.913 65.943 49.414 69.992 60.075 40.623 21.077 25.041
5.266 20.966 18.292 14.077 90.247 28.257 50.879 69.586 30.236 88.430 3.436 88.755 8.415 71.572 75.545 34.095 87.907 24.984 83.505 18.794
50.448 35.843 51.572 31.663 68.810 80.958 64.583 59.341 75.936 4.815 56.709 3.709 46.453 43.762 66.534 70.062 82.770 71.853 79.784 52.559
70.667 77.616 62.352 70.487 58.442 72.171 53.055 14.617 12.327 76.107 28.461 25.921 29.672 29.046 95.977 66.002 59.301 59.024 12.781 18.973
35.308 9.142 29.344 60.550 47.649 48.938 34.336 73.524 32.646 32.096 45.313 3.480 57.511 42.561 3.020 74.069 81.451 27.593 6.917 93.788
96.885 6.032 48.724 6.500 57.436 81.260 49.602 91.069 35.431 83.230 56.053 6.420 38.929 6.865 41.301 2.353 5.420 79.176 58.863 9.582
57.345 92.773 13.538 46.912 22.653 71.817 27.150 62.354 67.219 12.387 80.130 12.087 27.723 51.737 32.571 78.894 12.543 0.263 75.914 46.646
60.258 88.900 29.765 46.142 5.480 13.002 35.921 20.717 23.797 44.592 92.501 47.091 40.335 0.770 95.780 32.062 49.295 75.767 46.835 63.103
68.761 52.157 21.926 82.233 47.200 14.895 68.643 0.404 71.665 24.369 13.371 80.710 31.538 90.907 9.164 57.488 34.328 79.241 90.480 91.298
55.829 66.967 74.386 84.969 29.474 22.395 21.216 39.463 49.105 65.972 67.865 13.380 84.558 19.054 23.344 41.230 10.865 16.569 72.666 82.079
38.558 45.411 70.229 98.367 5.019 39.322 40.360 87.583 62.644 90.594 63.084 69.721 12.543 30.557 37.746 39.108 38.779 38.280 28.473 95.802
5.904 81.329 21.708 30.121 87.120 25.442 0.073 27.596 20.407 10.237 28.022 90.731 21.500 19.408 44.743 26.187 97.725 26.721 19.659 52.058
92.958 14.726 91.193 21.258 90.365 91.234 2.357 3.098 3.751 5.794 33.167 48.217 22.412 40.756 76.262 90.833 68.453 85.100 34.873 9.973

486.897 384.120 657.090 807.352 738.762 573.665 343.163 527.221 604.397 440.830 408.341 805.182 437.667 681.176 549.241 851.224 808.830 605.392 401.859 734.036 514.838 437.885 547.544 601.678 483.312 546.168 826.829 813.035 501.528 540.545 
