30

20


7.855 7.629 3.662 3.959 8.573 9.775 9.366 6.070 5.828 9.154 8.218 8.137 4.454 5.870 5.959 8.747 7.521 3.846 7.899 4.582 

16.782 47.194 63.959 33.438 7.612 10.601 20.734 97.115 80.370 26.799 75.163 82.820 12.482 50.273 51.851 63.394 65.373 95.896 16.925 11.125
68.212 90.796 47.589 60.328 45.476 14.849 65.988 18.538 43.542 42.803 6.934 6.841 86.372 58.639 47.280 21.463 25.190 1.255 74.137 57.408
97.436 28.265 10.971 90.679 15.013 65.458 41.823 89.794 57.810 37.397 41.962 62.155 8.027 60.806 38.212 36.937 46.021 68.113 40.424 72.708
65.921 41.065 35.712 38.349 50.387 58.444 82.389 90.712 21.233 88.675 62.262 89.445 81.517 96.560 8.139 59.093 29.974 26.306 54.997 35.145
84.220 14.134 9.927 11.298 77.075 38.781 88.447 89.193 27.594 82.368 78.561 38.817 5.329 17.966 54.239 13.288 67.536 5.225 21.354 93.360
72.634 11.700 9.315 85.112 82.215 72.552 49.317 60.515 66.157 18.315 90.383 76.830 72.434 66.446 67.031 51.118 86.106 66.949 93.696 39.498
64.073 13.526 21.552 82.261 43.602 20.686 64.262 51.480 84.177 64.939 93.708 43.436 16.094 30.811 98.864 76.341 42.036 36.032 22.896 37.148
15.140 14.947 0.813 65.347 52.194 21.892 61.987 18.745 1.546 41.987 81.312 44.032 45.677 54.591 42.523 63.627 78.500 84.064 15.725 51.339
93.746 70.272 21.102 81.115 7.494 26.806 82.973 85.441 47.243 33.127 99.127 55.349 88.752 42.298 36.172 15.970 98.943 65.690 61.084 51.860
63.397 12.510 27.464 28.862 32.548 36.477 23.043 74.152 94.397 92.237 64.975 27.075 10.035 90.966 52.986 4.262 20.949 75.257 24.353 98.847
53.327 31.393 13.793 62.498 30.220 21.436 84.670 48.159 38.729 99.709 57.347 23.385 26.519 47.117 99.609 23.688 21.221 7.507 99.064 67.528
31.279 13.052 56.830 55.905 20.081 81.490 54.266 57.415 72.569 24.599 36.902 61.938 89.426 32.927 16.667 77.331 51.693 24.814 30.372 42.847
96.187 45.772 70.213 58.297 78.851 24.842 15.380 74.948 41.924 16.018 51.345 58.364 67.234 4.884 47.697 3.962 83.345 73.950 27.458 64.043
81.739 63.093 81.058 60.435 84.881 11.361 30.587 80.832 19.680 21.519 71.494 39.631 43.446 56.017 62.238 49.878 81.126 99.946 92.547 77.778
59.505 47.822 80.310 62.078 64.825 55.496 4.182 3.401 52.370 10.966 65.614 52.473 50.767 70.059 22.996 91.384 59.751 26.999 17.148 41.868
16.474 46.365 9.611 38.257 37.526 52.586 36.596 37.314 48.929 50.588 19.029 53.420 34.027 52.840 62.029 53.986 82.371 91.651 13.698 96.724
73.961 59.041 32.993 70.881 99.094 61.783 47.197 80.394 62.135 78.161 88.605 14.093 44.562 79.394 47.807 34.949 19.699 8.900 51.130 63.712
64.847 16.485 8.459 97.014 52.869 45.696 85.870 20.727 70.278 32.279 36.567 68.841 10.783 42.027 5.961 89.227 38.943 29.428 3.432 37.498
99.617 93.593 10.593 21.344 53.347 4.515 7.737 48.278 44.587 18.752 85.093 83.117 94.717 11.603 20.360 55.753 96.402 87.875 84.712 94.623
77.980 90.214 22.969 44.601 97.478 1.250 52.550 74.964 12.912 28.440 33.444 93.071 28.875 87.099 38.817 37.545 74.049 64.489 82.812 59.393
88.208 87.402 22.464 63.521 33.389 72.151 43.686 5.687 60.225 97.318 6.906 78.679 19.517 32.953 95.967 73.706 45.299 32.033 41.825 56.940
19.276 87.031 97.459 15.362 93.683 9.156 31.575 43.619 99.188 65.350 0.018 80.029 45.926 2.395 53.118 15.707 3.199 65.391 19.724 93.811
4.350 66.320 69.622 9.965 45.713 22.261 78.248 97.374 77.369 24.089 7.546 81.303 40.298 44.691 43.262 18.950 61.913 19.062 73.848 27.585
62.246 77.064 23.909 0.863 43.881 85.437 47.736 88.104 39.151 17.596 60.550 9.787 13.965 50.618 16.158 84.312 84.002 91.456 69.408 73.465
92.779 61.190 67.615 67.042 89.321 13.889 50.198 25.835 31.701 68.926 5.429 18.114 49.170 53.452 78.903 39.123 56.502 47.479 58.108 73.245
51.501 87.075 83.431 62.623 94.658 42.456 45.522 80.424 69.268 76.030 31.140 46.689 64.754 76.211 89.589 48.131 98.959 36.003 93.006 34.295
76.639 20.708 90.279 91.372 22.205 83.007 26.346 68.425 98.004 8.179 70.190 5.415 39.719 41.295 12.544 88.857 96.868 50.478 77.636 22.565
2.634 79.814 92.366 25.895 47.935 13.337 85.752 91.211 82.628 35.022 7.451 94.932 35.909 37.456 32.664 29.762 30.129 35.292 69.217 68.469
84.116 44.986 75.261 25.156 42.319 75.158 2.467 35.263 20.185 99.036 65.718 38.503 23.853 21.044 64.939 4.147 94.367 61.083 6.315 8.712
17.570 95.260 65.355 77.707 93.709 52.825 68.012 83.063 36.387 82.073 70.340 42.035 22.588 22.734 76.945 62.321 6.638 47.173 47.468 69.837

248.084 494.227 677.180 640.630 746.076 753.407 724.687 560.187 710.814 754.159 312.681 613.080 479.724 638.607 444.410 503.446 677.937 586.703 913.332 514.210 553.385 570.769 465.577 679.401 425.707 860.353 487.992 685.779 506.600 677.475 
