30

20


7.426 0.836 8.611 4.814 4.001 3.797 7.686 5.678 6.997 5.822 5.171 1.924 0.264 0.728 2.087 2.511 4.362 6.431 9.320 4.181 

54.174 92.469 48.332 99.723 11.273 59.565 98.294 90.931 10.626 54.696 43.156 10.045 1.634 78.369 54.098 23.873 8.111 36.937 17.743 38.848
16.909 74.790 14.554 84.623 88.069 78.190 0.354 76.877 3.236 76.026 51.261 45.835 43.837 76.554 52.394 69.383 2.129 8.190 90.431 86.822
36.852 96.400 43.070 98.704 87.394 30.551 36.279 98.965 58.393 88.701 12.071 20.454 29.686 14.941 1.602 48.493 74.253 57.187 61.306 48.464
60.834 40.461 50.258 6.288 21.314 95.337 79.185 13.211 99.784 78.449 19.919 68.658 97.475 39.049 28.056 15.895 74.133 22.356 12.199 77.371
92.156 44.719 3.032 60.630 75.238 46.015 98.363 5.494 19.236 2.914 57.427 24.202 30.852 66.861 88.581 97.624 53.504 14.851 76.390 75.939
5.024 11.157 35.508 74.432 8.201 34.136 82.055 83.153 34.052 61.489 1.168 1.078 9.309 84.719 88.718 79.240 13.844 3.575 21.891 83.933
88.465 74.581 3.066 91.102 68.692 9.109 21.382 51.627 15.106 22.181 17.706 31.774 10.048 5.604 77.909 25.081 85.037 0.746 32.061 55.800
27.815 17.581 50.762 28.140 3.280 69.198 37.376 46.931 66.504 82.781 17.224 77.582 19.779 76.274 80.090 99.833 38.047 11.718 11.664 65.621
70.191 74.901 34.965 35.466 37.072 64.648 57.889 73.029 40.173 67.760 61.366 29.390 87.227 26.536 36.149 11.857 70.091 87.284 8.501 13.023
94.632 3.678 37.380 74.933 95.751 89.632 2.926 20.961 11.380 88.342 70.538 4.890 88.274 17.983 79.110 95.556 65.670 43.077 30.065 12.838
20.889 13.286 12.949 2.960 44.307 8.771 52.541 1.945 76.689 91.512 47.210 42.151 46.854 13.199 7.788 1.641 72.577 11.718 1.042 13.135
71.139 60.049 45.947 60.666 75.927 30.007 69.930 75.079 96.992 6.469 48.416 76.502 33.180 73.622 26.458 59.077 71.741 37.556 29.786 2.845
95.011 70.761 6.589 71.427 46.430 98.545 32.655 57.813 16.113 13.509 42.623 13.304 69.641 40.718 95.446 72.915 55.127 71.593 77.650 9.744
55.782 43.183 17.140 23.379 75.706 91.820 62.830 74.773 22.151 0.422 50.814 54.731 59.978 27.064 91.497 11.829 15.514 14.064 23.587 75.969
58.574 85.061 59.012 48.744 59.155 61.882 9.877 34.028 92.214 45.211 11.691 13.116 97.637 37.791 87.568 67.757 80.031 54.017 36.745 14.653
97.324 14.870 34.087 99.175 66.144 69.017 3.464 6.081 27.585 21.609 52.539 74.237 8.203 48.400 92.522 57.753 79.518 91.397 45.940 20.575
24.221 70.570 43.736 25.842 6.288 10.398 79.414 8.152 28.835 84.137 88.053 94.973 37.436 39.683 5.961 39.645 26.203 71.409 35.848 18.919
77.312 45.141 81.627 60.365 86.833 2.969 3.191 43.718 44.447 72.355 96.863 49.039 70.799 4.971 69.473 51.175 0.251 25.164 94.876 36.939
35.221 90.088 53.339 70.588 8.034 51.387 69.759 41.244 57.614 10.862 31.154 88.734 92.191 25.493 93.185 89.513 33.726 97.410 98.495 48.367
63.556 6.237 77.739 43.784 98.575 20.947 67.591 95.068 15.161 95.336 24.567 5.893 95.839 25.381 94.195 67.133 66.101 95.998 86.222 97.118
69.806 25.248 87.691 85.962 65.033 57.984 46.372 10.314 81.393 54.604 82.538 92.810 59.652 64.515 21.775 28.168 45.527 93.311 27.686 97.587
72.098 16.979 11.053 67.867 91.419 90.130 93.931 44.286 82.538 81.935 96.629 61.075 78.289 42.637 11.652 41.541 24.427 51.745 76.529 62.454
74.325 60.572 21.501 34.768 4.312 56.519 39.186 34.954 67.154 59.049 57.245 7.527 30.967 11.688 69.673 84.593 62.702 72.136 89.017 64.114
47.855 66.942 68.575 51.897 87.286 96.202 56.437 16.610 41.952 63.006 81.932 11.768 51.820 19.896 25.206 66.127 96.636 42.934 84.525 86.400
83.667 4.918 79.372 60.531 57.836 73.822 85.835 48.757 68.339 20.440 60.049 60.104 5.032 56.888 10.739 28.274 34.688 55.996 13.538 88.859
59.175 6.313 31.435 9.738 95.647 77.767 88.179 26.616 26.333 79.473 85.261 81.017 7.032 20.595 66.880 45.881 46.407 92.097 12.617 33.884
46.897 72.593 30.847 48.534 72.393 7.071 62.683 4.071 68.542 80.370 8.441 33.665 85.614 39.598 6.195 63.655 15.565 55.410 21.542 43.633
29.218 56.530 13.210 90.183 35.438 63.600 14.121 91.721 34.306 66.581 57.158 51.793 29.374 57.014 7.842 21.769 15.323 99.254 37.334 97.326
45.399 0.081 88.266 97.782 70.350 89.529 97.357 46.117 92.405 79.611 91.594 17.368 69.495 34.851 95.948 18.555 79.529 50.590 19.832 42.256
60.096 82.620 72.122 31.724 71.976 81.583 23.027 9.727 13.520 65.819 49.646 0.817 98.771 0.421 17.962 16.810 75.938 30.110 0.424 95.012

440.253 726.912 309.755 519.645 498.194 479.106 475.748 467.666 829.928 442.779 259.084 385.631 568.764 553.852 466.589 617.718 643.986 633.247 614.288 789.869 849.426 623.380 617.689 493.445 955.461 663.708 392.793 484.343 891.118 301.230 
