30

20


6.334 8.701 6.818 2.010 3.030 6.799 3.222 6.003 3.831 1.878 1.093 7.572 5.745 7.947 6.779 1.970 9.700 2.840 7.053 0.064 

99.034 47.812 18.701 80.416 86.851 8.798 8.596 47.826 9.217 46.201 8.109 27.050 43.288 99.600 55.011 55.540 50.416 60.879 45.600 47.681
63.107 41.066 6.267 12.804 0.525 53.154 48.074 73.131 85.495 97.459 26.031 21.516 90.125 4.390 68.285 22.295 50.762 1.066 10.384 31.243
28.514 3.012 48.802 37.183 89.103 94.413 69.187 89.299 47.584 5.276 27.041 20.723 61.495 59.197 80.883 60.698 41.789 84.387 87.409 37.276
35.683 41.492 77.909 29.985 61.579 93.017 99.674 13.487 35.677 69.332 16.394 26.815 5.305 65.384 31.962 48.443 5.279 56.550 27.886 3.231
21.489 31.886 51.240 82.837 3.348 39.473 71.053 1.981 22.934 3.529 69.044 97.622 67.123 88.348 40.358 91.393 40.534 97.525 8.698 50.177
77.349 38.899 52.184 30.952 63.417 63.745 10.566 15.907 27.731 19.797 55.153 73.987 59.180 51.340 79.759 21.583 4.899 17.340 14.519 67.741
67.072 0.698 85.650 17.781 1.181 10.936 9.572 41.012 68.098 45.126 89.583 99.457 31.684 14.657 71.842 58.830 89.660 88.776 33.304 26.591
61.547 85.896 65.573 93.535 34.375 70.639 9.482 4.622 3.653 85.317 58.272 52.509 39.283 36.865 22.912 64.596 24.789 98.003 20.417 66.329
52.000 30.663 84.920 92.196 25.833 81.336 61.129 3.848 5.111 57.864 12.822 30.303 48.761 10.831 49.418 95.059 7.483 92.248 48.921 0.344
17.587 20.140 68.992 19.474 0.386 0.951 6.780 81.674 95.731 35.663 58.044 3.558 95.808 25.593 11.679 5.427 39.609 77.293 95.613 48.007
41.178 84.869 98.481 39.627 66.016 20.295 98.238 60.366 19.084 97.477 2.907 57.199 65.533 67.621 61.620 45.341 6.043 75.801 26.250 38.450
17.544 63.828 21.384 43.824 91.776 2.876 12.542 88.544 72.083 1.820 86.948 20.407 38.306 79.828 49.986 83.437 52.309 76.175 90.083 63.358
17.683 18.688 50.197 12.868 97.713 86.713 88.385 54.529 63.491 60.314 44.670 20.910 44.832 72.223 46.914 79.003 49.191 8.430 84.708 96.059
44.710 31.826 18.811 84.225 64.152 77.698 36.248 76.136 49.609 94.478 34.934 73.664 46.763 6.362 17.548 72.306 85.362 89.925 57.716 70.507
86.043 55.474 72.622 61.683 96.251 87.840 23.719 63.336 69.099 56.092 89.099 9.037 89.953 32.733 25.530 0.194 76.588 7.042 40.594 58.639
20.438 62.360 63.557 68.016 0.341 32.355 37.200 90.037 66.547 76.558 67.595 24.146 49.834 83.954 13.490 97.172 48.658 67.821 78.420 93.335
10.837 32.562 58.007 51.716 97.744 87.737 68.406 98.237 59.158 31.489 90.507 37.335 3.471 57.116 36.353 84.720 1.892 17.008 25.348 16.287
93.564 6.137 0.971 25.259 48.973 7.399 82.874 37.699 48.264 32.086 85.284 34.955 36.364 34.809 10.629 21.032 56.514 67.670 38.261 60.336
90.864 62.367 53.065 41.767 7.823 79.407 57.343 77.953 50.547 95.093 52.194 12.876 97.073 13.858 96.826 97.599 7.186 57.754 84.542 90.887
75.506 35.397 94.114 17.249 5.252 10.639 25.862 12.768 61.386 21.640 15.030 43.875 68.520 45.392 39.721 29.641 44.609 45.996 29.650 45.529
42.591 46.849 22.446 29.574 53.296 98.643 22.779 56.893 50.057 98.996 89.052 64.162 2.701 43.859 81.876 50.385 57.055 38.415 1.438 81.866
89.134 61.016 62.714 29.244 4.534 3.082 44.728 27.514 6.271 65.735 2.684 36.800 71.601 16.598 53.808 48.269 25.691 68.856 18.950 76.226
51.345 23.711 60.615 36.905 26.297 76.279 57.366 81.261 82.396 76.287 19.919 81.210 57.522 11.818 68.880 62.919 25.793 47.052 57.447 5.753
36.231 97.487 22.645 96.902 55.218 79.246 80.396 10.844 68.449 56.410 16.003 2.773 49.207 27.563 58.385 1.377 7.891 82.199 60.430 53.178
12.189 62.426 45.335 75.123 5.062 18.251 91.570 2.688 27.924 49.350 8.000 64.356 97.565 47.391 38.337 80.474 94.928 50.504 51.356 29.174
17.776 80.590 16.891 11.038 88.033 60.312 2.187 84.061 96.087 79.978 11.375 41.700 78.475 79.737 55.965 94.156 85.776 53.233 13.107 70.854
31.040 61.286 50.790 52.530 35.491 77.680 58.462 42.108 74.630 30.587 7.778 3.914 65.722 49.625 78.067 54.415 40.439 44.097 35.273 43.490
40.423 64.569 79.622 31.633 11.438 62.213 11.474 54.085 20.949 4.317 87.436 70.237 11.343 37.390 33.577 61.746 16.507 69.855 66.603 57.437
89.680 70.725 61.972 80.782 17.244 52.551 16.566 89.163 31.283 76.776 89.239 0.884 69.318 66.466 34.930 35.350 53.566 48.189 17.166 68.917
4.854 9.670 80.928 59.111 85.876 95.077 8.297 53.401 9.975 38.696 46.859 37.586 28.225 52.121 0.211 32.002 51.099 36.959 55.536 81.077

366.085 384.096 879.398 469.663 744.642 519.173 653.536 499.780 451.501 411.373 448.032 817.955 932.639 908.064 796.352 791.942 333.769 517.670 865.766 502.623 840.238 603.420 576.302 479.548 542.944 647.288 689.012 478.097 574.055 348.338 
