30

20


8.024 6.648 6.129 0.272 9.143 1.606 8.016 1.845 1.143 2.488 4.610 6.389 4.953 0.150 7.217 1.803 6.026 2.440 6.730 5.721 

31.455 58.249 74.817 21.192 0.765 29.440 27.692 55.082 87.488 97.485 16.372 52.311 60.523 14.848 9.045 42.698 40.942 97.666 96.707 4.769
38.197 26.480 14.556 7.444 67.040 72.211 45.370 26.150 9.897 46.787 38.696 83.737 73.225 94.919 17.632 53.369 24.691 68.641 58.195 5.584
4.640 53.247 13.515 2.757 40.311 28.995 13.935 72.252 46.404 84.695 60.343 20.668 27.409 61.206 79.188 48.748 13.910 83.257 68.402 19.900
30.452 99.401 96.458 10.092 78.520 92.888 69.223 86.375 80.981 11.499 78.476 68.790 99.263 1.638 53.073 23.181 56.612 72.041 4.833 17.968
93.261 88.050 33.866 64.140 90.133 3.865 46.844 64.388 18.275 45.151 94.843 5.641 99.728 10.287 44.516 9.072 54.263 97.108 10.487 75.634
58.205 91.804 46.790 36.053 34.921 55.850 7.695 6.379 57.864 36.657 59.570 98.193 32.335 48.572 66.404 60.934 31.527 54.786 86.709 63.585
74.793 34.116 17.764 59.705 73.840 28.388 91.574 5.134 36.278 29.049 62.631 93.066 80.704 25.324 79.835 41.605 10.853 14.808 37.694 6.662
14.174 29.870 49.830 76.153 48.148 82.897 58.366 99.208 32.828 95.928 93.866 81.048 70.391 18.280 40.958 62.977 11.599 20.791 8.725 2.553
46.503 86.324 37.057 21.292 96.581 80.568 58.623 33.619 72.090 19.835 64.940 68.493 10.452 33.700 9.739 8.579 81.127 91.151 83.335 84.819
59.858 16.513 29.679 20.485 52.032 94.574 75.210 64.929 51.730 48.411 80.322 18.491 99.478 61.072 30.367 73.655 17.495 48.842 76.826 27.017
75.374 35.084 88.923 10.048 20.563 32.502 5.726 91.697 96.080 7.864 46.473 31.389 17.925 11.430 72.487 74.146 17.717 55.341 25.627 11.155
0.530 12.369 87.257 62.945 75.517 50.442 68.734 62.759 73.471 61.338 98.394 68.450 69.686 48.642 68.963 15.169 98.020 62.587 77.520 83.830
85.178 79.364 2.528 41.859 72.853 38.751 1.289 25.017 54.629 82.675 57.071 81.811 45.309 89.419 57.760 12.306 44.074 4.945 0.001 99.785
75.034 20.072 72.990 61.196 61.701 85.688 67.190 85.809 31.925 57.914 45.955 5.442 68.941 7.795 43.300 85.194 73.690 34.812 82.190 84.479
16.999 63.855 91.144 55.853 85.648 61.683 4.723 97.209 44.558 31.679 81.340 25.730 10.576 89.879 7.952 5.219 91.506 90.066 85.889 63.739
10.762 82.028 1.630 45.568 23.821 55.455 29.479 12.248 36.068 58.417 27.885 8.721 41.117 38.432 13.155 10.314 69.168 8.295 40.851 94.096
7.482 96.164 15.218 81.993 8.318 37.564 90.879 6.116 4.382 94.008 99.326 10.286 16.323 98.039 23.774 45.921 25.575 19.934 68.617 50.245
51.880 63.899 65.359 83.623 69.697 60.709 95.336 8.187 20.415 99.295 35.796 17.634 19.179 36.977 2.486 32.491 97.105 18.542 53.585 3.822
48.599 17.954 12.687 26.726 39.491 19.281 34.416 34.025 85.549 48.541 76.375 28.241 67.900 35.901 60.483 26.277 48.848 91.302 22.033 70.298
37.703 24.523 11.402 38.202 97.382 33.260 15.829 63.614 8.367 43.866 62.553 17.220 58.842 50.820 57.260 90.931 61.747 8.990 73.488 41.028
23.703 82.326 5.448 9.042 89.604 11.971 51.339 18.300 28.556 71.930 54.143 41.299 64.620 63.820 91.352 65.770 59.181 93.041 72.641 66.464
77.956 34.505 94.981 43.221 19.802 18.142 43.538 77.188 22.506 49.194 23.018 64.559 95.814 18.685 32.644 74.263 65.180 36.207 7.410 20.609
32.221 33.202 80.401 46.674 1.861 31.026 39.380 21.501 5.978 66.485 45.665 92.850 35.780 7.855 43.544 0.620 77.526 7.422 61.345 38.912
13.917 57.909 55.057 43.911 97.558 52.217 7.225 90.341 68.008 89.244 66.045 89.459 88.811 26.467 90.593 66.680 43.748 88.019 74.330 92.673
18.115 85.591 98.334 22.276 85.602 80.354 14.941 8.008 93.904 94.985 52.163 31.465 84.104 32.110 59.222 94.844 23.165 66.962 68.638 60.455
13.957 9.639 37.522 40.336 49.409 22.871 29.976 14.193 19.403 30.416 26.664 86.703 55.862 49.805 31.709 47.528 59.161 97.540 95.501 30.321
5.515 90.975 43.378 69.232 3.855 69.666 36.067 70.220 34.670 9.120 63.657 4.984 28.649 60.930 99.113 1.010 26.108 0.312 59.469 56.860
95.166 37.964 79.171 62.949 58.857 21.407 59.898 69.452 30.327 79.047 23.036 70.521 98.290 98.735 35.553 24.518 31.284 82.279 68.699 42.907
5.125 61.673 80.911 59.920 38.759 17.365 96.293 29.493 72.193 83.040 65.777 83.126 40.475 36.121 70.255 60.446 19.265 98.125 10.159 52.652
65.290 19.162 4.762 52.192 89.965 39.641 74.731 11.520 78.947 15.227 14.081 28.517 44.687 64.689 10.452 21.730 27.945 84.494 36.920 2.313

691.639 312.868 704.774 906.633 541.486 760.673 341.141 535.689 551.496 653.833 649.595 334.644 501.181 664.930 713.873 560.171 400.179 219.123 690.986 152.258 509.084 549.496 477.511 553.912 855.964 475.170 258.842 1019.750 773.682 564.425 
