30

20


7.310 5.582 0.047 1.528 0.695 7.876 3.134 8.742 5.567 0.382 3.503 6.714 2.336 3.274 1.905 1.803 1.425 5.383 6.895 0.253 

43.010 27.549 70.433 73.728 82.110 60.713 37.603 76.644 66.000 62.165 54.498 67.813 16.290 43.579 28.750 65.279 94.203 68.571 60.437 39.131
73.106 67.994 23.871 79.304 38.509 43.891 14.719 56.177 73.630 32.848 73.293 68.657 18.786 55.164 72.055 54.578 69.001 14.068 67.631 64.502
45.769 80.473 47.170 53.291 17.816 51.791 2.348 25.476 63.213 0.118 30.017 55.667 82.014 57.099 61.863 10.955 19.147 5.606 68.531 9.434
18.373 4.489 9.582 79.923 18.743 94.343 44.633 27.612 86.959 98.788 94.295 6.177 12.779 18.683 79.892 62.113 86.157 4.792 20.063 45.712
22.297 73.457 62.375 6.008 56.764 95.752 92.756 55.544 39.238 24.969 89.995 44.734 29.193 48.817 53.559 18.942 27.193 36.005 49.857 80.782
48.037 24.593 59.197 46.289 25.336 27.062 3.844 81.473 89.456 49.681 38.499 71.707 38.647 1.704 31.435 50.957 10.733 88.871 37.120 82.333
56.963 35.383 56.621 36.324 8.208 81.767 11.889 34.116 64.599 17.923 86.076 73.245 49.868 43.236 25.138 72.578 48.291 86.251 78.642 62.340
14.651 5.220 43.600 85.058 28.647 34.774 43.577 8.411 49.688 24.431 52.861 33.846 9.132 53.103 56.634 74.614 10.774 81.222 7.793 32.501
3.578 74.077 25.450 89.281 17.147 31.380 48.690 8.469 75.722 92.859 58.185 17.656 58.655 30.189 22.432 60.906 38.060 1.505 43.093 26.998
0.059 17.673 19.759 63.545 24.086 57.313 57.471 88.796 32.443 37.134 1.757 53.690 29.889 90.833 4.863 19.089 1.022 37.705 91.569 44.461
15.021 91.229 92.593 0.605 69.857 1.333 24.008 52.111 26.828 2.492 50.695 80.478 72.204 3.494 8.485 28.479 81.916 86.755 23.802 30.399
1.526 85.799 39.406 93.799 57.987 51.832 16.992 12.191 51.547 14.188 27.716 25.037 19.805 20.755 10.642 40.306 8.876 97.388 9.967 71.983
61.019 90.819 33.219 99.659 62.721 60.905 83.209 92.176 0.460 27.363 84.515 96.341 56.983 38.600 90.156 6.466 53.186 14.979 6.999 70.540
90.585 88.217 5.613 94.116 7.311 97.952 65.174 26.985 90.592 99.769 70.934 39.057 51.965 63.967 98.370 96.405 90.786 7.221 57.646 5.106
61.944 60.786 60.120 55.340 31.930 94.917 11.455 40.851 5.530 32.892 97.025 97.609 43.844 70.832 0.411 10.433 91.109 1.737 37.793 56.944
65.988 37.343 81.414 12.128 45.380 76.138 2.776 99.430 68.306 61.460 34.753 20.062 35.362 60.268 67.118 84.120 68.639 21.568 89.825 14.331
46.548 67.998 57.732 99.675 48.776 23.292 1.775 67.235 78.294 22.100 89.267 27.052 28.274 61.157 54.191 3.806 36.872 86.359 60.171 48.598
27.322 27.068 30.830 51.280 94.778 70.643 53.645 53.738 53.881 39.809 34.823 4.383 73.043 1.894 68.023 32.184 14.633 52.648 95.678 27.715
52.611 77.141 48.317 39.764 10.425 9.710 13.052 15.453 15.001 23.314 59.982 88.695 6.813 44.993 51.350 74.545 20.785 98.636 7.725 45.262
91.433 85.857 68.754 49.548 58.672 15.587 29.900 60.018 81.610 30.206 26.988 10.369 13.615 72.461 74.084 36.227 65.204 8.363 21.651 21.908
77.671 25.360 93.497 96.738 15.029 94.882 59.316 90.116 87.501 31.754 0.597 52.141 55.429 13.109 57.467 74.118 65.627 99.504 0.814 34.246
41.255 23.665 24.926 50.587 35.339 75.473 74.093 66.751 36.674 28.230 85.839 62.142 16.041 20.520 55.832 44.641 16.515 43.113 21.918 34.752
11.488 88.368 62.044 93.648 13.363 15.242 39.333 67.142 25.527 43.313 84.147 67.126 88.854 87.093 12.063 16.931 78.196 15.006 61.328 27.946
37.218 54.646 83.116 37.243 69.661 99.804 84.380 23.285 43.138 21.488 88.356 39.825 90.629 0.865 70.840 5.739 94.871 77.223 17.764 66.629
57.048 20.494 65.222 75.347 69.983 53.373 22.150 83.419 94.243 33.480 15.888 10.609 16.739 74.842 44.315 17.781 69.983 66.148 15.352 73.627
92.358 29.312 19.372 13.349 12.333 93.904 91.652 83.181 35.196 52.103 56.888 30.266 2.985 24.992 74.032 95.892 73.363 66.296 12.121 31.733
35.815 64.115 29.979 56.067 84.975 39.378 85.709 6.128 85.225 58.578 41.752 90.697 43.204 44.798 3.824 35.655 95.308 4.647 66.012 2.639
21.450 19.193 80.096 96.401 86.493 58.487 63.194 26.609 65.263 25.837 84.419 57.563 43.169 75.202 5.664 91.313 80.079 42.463 9.880 74.043
86.336 33.526 70.688 54.182 66.752 44.356 20.980 56.936 85.485 84.817 48.544 21.733 79.988 87.767 29.143 57.607 23.348 35.023 42.794 19.431
55.349 57.396 85.573 88.487 49.611 35.238 3.345 33.503 29.105 32.244 87.900 16.068 73.826 84.256 43.824 85.874 49.650 49.015 62.284 66.477

845.999 525.604 436.129 562.618 924.510 626.174 571.268 447.114 445.937 323.696 474.375 455.936 786.086 971.949 426.859 443.329 467.344 717.887 591.642 547.099 708.240 406.904 776.752 800.237 663.284 602.866 731.693 769.596 710.769 588.683 
