30

20


2.411 0.244 8.352 7.102 2.195 1.806 0.259 2.366 7.731 4.337 8.560 2.728 3.247 8.550 7.438 4.040 7.828 3.654 6.518 9.801 

64.509 36.896 32.643 40.731 58.553 66.804 46.069 56.955 65.260 17.441 16.480 53.298 66.070 88.657 64.631 85.499 79.522 66.961 15.273 83.846
16.136 18.695 5.694 54.452 20.508 91.599 52.946 9.017 75.765 37.792 11.986 96.490 66.372 5.871 66.089 41.340 74.339 98.690 77.856 20.829
29.663 91.146 19.190 54.498 52.301 81.237 43.578 83.264 63.511 86.046 80.649 46.630 91.884 22.343 20.628 23.260 67.764 31.689 86.354 15.518
56.344 10.468 41.080 36.668 77.168 25.204 97.324 83.512 20.677 13.235 68.847 2.907 23.657 90.359 31.480 51.768 60.107 8.661 70.918 82.817
53.458 69.579 63.960 72.549 97.710 39.748 22.092 40.278 27.517 20.496 36.197 76.448 96.205 96.606 45.839 21.924 89.579 64.898 74.121 41.964
47.369 25.710 19.872 33.149 34.261 91.676 13.418 33.428 62.350 40.966 70.942 7.762 98.252 31.254 87.751 23.594 69.658 11.710 99.050 54.810
81.112 72.622 75.133 35.129 44.996 84.421 79.203 81.024 14.026 65.582 0.766 32.838 82.538 52.287 77.819 79.256 62.997 94.413 35.562 50.973
18.923 67.653 35.746 89.472 82.983 91.006 49.243 40.067 72.819 53.732 23.355 74.947 8.127 68.432 65.598 12.165 80.023 81.226 47.770 53.082
92.076 78.883 84.668 32.013 69.307 88.640 58.856 15.178 63.184 28.935 34.531 50.435 78.291 22.931 75.520 89.047 80.873 0.618 22.593 31.588
23.615 71.614 91.200 49.347 30.094 95.210 28.808 67.839 33.956 57.565 85.988 57.653 2.677 79.495 51.279 59.098 79.285 68.003 98.775 64.393
48.072 34.103 69.985 99.364 14.783 18.218 65.879 89.090 94.936 87.291 22.146 15.016 28.669 47.354 76.198 10.912 24.001 55.648 67.893 57.217
50.037 60.845 61.147 18.322 26.834 66.251 46.457 61.877 21.247 96.054 74.776 3.385 91.177 78.893 35.445 40.227 24.855 83.638 0.912 73.189
56.828 40.681 0.775 40.916 69.238 27.637 48.608 1.541 51.906 43.356 94.938 0.298 26.728 69.042 30.499 43.575 65.709 91.857 97.151 45.099
49.146 74.214 78.836 71.473 38.071 93.769 91.567 58.918 39.698 92.397 97.351 7.854 18.903 44.457 35.036 17.318 78.949 92.264 10.546 1.692
43.104 62.961 29.533 34.316 30.873 58.157 65.293 98.485 66.613 77.651 46.369 98.786 74.281 4.165 20.702 87.404 44.646 31.172 55.644 8.285
20.644 65.500 97.302 21.385 21.063 48.550 98.741 47.540 49.540 70.708 49.462 90.086 85.630 47.894 1.487 22.726 98.899 44.643 88.192 3.479
67.869 22.878 5.151 26.318 70.999 27.693 66.341 3.341 35.763 55.751 68.893 59.739 54.286 6.314 65.488 82.653 3.517 67.370 76.829 71.413
48.020 82.124 19.724 14.799 25.187 1.912 53.868 8.031 68.008 54.553 87.159 11.589 83.239 66.410 76.949 17.686 13.990 88.145 20.595 31.905
71.532 55.753 28.629 96.692 98.578 3.378 53.688 48.994 27.729 77.297 25.513 55.576 50.678 88.003 46.214 76.190 41.008 73.460 6.741 77.422
85.931 93.940 22.015 17.727 5.370 88.691 94.224 53.720 94.824 90.125 77.806 27.845 1.070 29.737 11.987 9.417 91.801 1.408 29.255 4.320
42.644 53.676 92.841 1.910 46.397 16.299 67.659 10.219 49.361 89.669 41.986 40.161 23.248 70.223 36.674 9.050 27.013 52.023 99.670 56.385
18.304 36.622 23.611 59.000 56.590 90.413 47.877 32.270 6.176 17.248 75.354 57.289 99.409 36.572 76.808 32.420 8.779 3.525 40.331 91.546
66.428 22.421 9.205 85.171 40.664 30.215 27.557 86.431 37.786 92.797 79.027 88.407 90.172 23.793 89.708 4.801 38.098 80.175 4.102 8.020
82.998 84.870 36.853 98.459 16.242 51.467 36.504 49.863 29.809 73.830 6.070 12.851 43.718 60.298 29.735 13.708 31.034 81.149 77.666 22.563
53.210 64.520 79.576 93.812 71.485 5.598 42.058 80.181 56.135 86.897 40.358 1.521 97.606 16.806 86.879 80.657 48.786 38.219 99.072 67.225
77.588 52.807 23.784 99.009 61.927 9.281 22.820 23.734 77.437 53.879 28.546 32.795 66.509 70.324 62.388 22.650 7.300 89.680 0.633 54.221
2.809 91.887 23.582 1.019 69.849 67.394 57.013 93.155 68.403 17.163 45.241 35.521 38.467 94.696 30.811 87.568 0.365 38.170 94.249 52.164
0.601 65.776 17.898 8.263 64.015 63.431 23.174 7.418 57.386 88.276 92.555 0.006 51.010 90.437 63.797 74.622 83.654 26.835 75.994 27.151
98.776 99.812 14.747 96.626 15.844 82.090 78.952 97.000 58.748 55.350 60.731 96.294 73.297 25.925 17.441 46.379 41.215 10.264 98.562 79.116
4.699 36.427 44.648 26.839 13.266 83.202 35.041 37.801 15.439 10.292 62.116 17.312 74.123 53.189 77.339 82.951 82.762 37.216 18.373 27.256

584.054 475.057 635.466 806.553 474.049 576.976 829.334 526.604 456.329 373.765 811.189 873.416 641.338 562.870 479.541 698.193 384.599 343.035 748.115 354.148 613.703 663.175 660.579 642.898 1052.325 559.701 424.767 774.640 966.405 541.897 
