30

20


4.404 2.164 0.885 2.719 1.984 7.584 9.624 7.876 9.837 3.130 0.648 2.851 7.618 6.451 1.895 9.991 2.421 1.099 3.099 0.949 

49.467 66.728 73.608 1.439 0.478 36.461 68.785 40.385 83.348 31.685 93.112 7.364 20.207 30.936 65.815 38.670 8.859 48.481 88.851 43.115
88.199 99.881 3.003 42.661 38.509 33.751 95.026 84.518 63.130 11.107 89.054 12.942 88.682 88.395 86.401 74.514 10.992 99.119 98.845 36.547
26.570 15.861 21.850 25.603 33.727 76.833 85.537 78.386 20.287 84.362 63.904 62.578 13.964 81.263 23.029 97.063 77.096 92.148 98.375 90.962
83.033 65.629 9.420 90.000 10.051 7.746 21.712 87.369 75.715 36.813 21.663 97.002 13.167 48.319 60.301 82.093 4.996 13.428 68.195 52.190
77.101 10.749 22.726 20.867 90.438 36.196 97.488 40.683 46.137 18.554 56.405 66.639 23.610 60.707 87.885 80.592 89.610 0.304 92.880 78.310
37.862 43.335 96.687 14.869 86.520 94.255 18.603 86.104 86.998 42.341 57.467 38.076 13.912 2.804 25.155 81.472 12.880 93.565 18.815 64.599
57.025 11.892 31.165 68.701 7.122 44.206 2.778 35.388 34.434 24.901 65.467 43.835 20.669 89.037 88.973 4.628 80.467 50.579 81.299 74.242
18.909 14.789 57.575 1.918 49.280 36.634 74.880 18.191 43.120 1.180 60.102 35.952 96.203 0.030 45.204 83.796 32.538 67.661 85.632 10.238
11.584 0.324 12.833 51.420 51.592 68.228 54.063 92.545 73.468 80.953 33.694 72.245 81.692 1.723 64.322 76.755 48.902 78.763 84.670 28.550
68.759 54.299 27.672 69.955 10.436 69.551 93.571 31.290 1.779 46.758 36.421 54.620 74.047 54.564 38.729 74.289 79.101 40.694 40.907 77.289
70.224 76.375 24.836 24.251 64.199 52.566 19.736 46.486 6.162 87.044 33.282 88.682 42.392 7.513 77.651 54.362 92.528 57.001 1.055 35.411
79.189 97.274 84.912 35.282 15.915 3.111 0.516 71.696 54.520 21.079 87.648 36.997 5.444 87.657 46.072 30.094 22.868 70.690 3.725 20.387
99.155 34.240 13.598 72.511 80.092 33.525 94.256 65.152 50.209 66.492 53.189 39.381 36.961 60.126 4.848 16.818 18.666 22.071 28.226 8.581
97.843 8.034 59.885 70.856 89.603 24.603 98.467 15.310 24.970 23.731 83.962 43.683 65.626 78.878 6.930 47.048 33.576 27.612 26.985 61.019
70.053 91.430 45.801 57.771 88.259 62.214 9.966 93.202 44.184 46.011 81.552 51.608 22.102 88.820 38.972 73.594 11.827 18.286 87.660 53.146
91.625 4.629 71.808 64.152 59.244 79.955 43.287 61.150 82.846 87.878 85.861 1.672 31.884 1.580 95.590 94.908 88.330 14.479 57.424 73.163
41.594 9.077 54.675 2.732 62.714 15.298 90.555 59.346 57.041 72.560 25.589 8.991 29.557 42.180 55.702 52.038 0.116 64.411 52.615 34.650
2.444 58.786 51.138 14.187 12.917 64.290 39.364 61.962 21.386 67.743 23.569 80.105 81.566 67.389 43.310 43.010 29.805 93.307 35.267 9.000
45.411 36.526 59.302 13.753 95.356 39.803 91.619 22.765 89.758 3.943 91.402 76.571 91.302 2.592 69.206 28.771 55.952 45.874 66.599 70.070
45.292 60.290 14.878 94.899 21.992 25.736 73.252 67.621 5.366 14.178 75.456 67.179 0.525 39.995 21.418 20.402 8.386 12.233 61.151 58.721
65.590 81.162 91.965 55.050 42.769 81.646 6.117 10.098 66.069 87.645 39.475 13.605 18.933 84.470 3.195 29.700 63.241 27.183 80.127 79.034
27.693 27.594 95.359 48.157 93.592 71.784 41.787 60.966 39.670 78.917 70.888 96.599 21.529 25.923 5.572 58.835 42.026 58.253 76.174 51.122
53.040 47.864 36.650 35.953 34.333 42.751 73.948 7.393 68.497 22.322 17.472 87.228 18.980 5.228 66.197 38.470 49.959 18.607 73.015 60.945
94.795 63.192 78.074 37.096 75.934 97.568 44.306 89.820 71.223 17.287 46.444 43.870 56.870 2.600 10.321 21.524 42.402 98.729 64.120 90.507
37.308 28.652 72.970 76.419 40.858 61.552 94.510 96.544 37.507 55.524 65.687 78.576 88.253 69.291 76.640 18.414 87.009 53.009 19.911 57.535
69.109 14.070 9.726 57.658 10.111 7.503 46.305 46.396 29.265 12.950 90.494 50.159 16.067 36.260 22.332 79.086 98.072 84.153 23.530 77.497
77.153 58.446 48.706 63.796 35.866 80.442 0.225 31.568 19.773 49.603 7.866 79.674 26.934 30.974 93.741 72.627 57.608 26.014 34.273 45.665
55.276 81.656 85.402 93.435 52.857 23.527 7.093 45.051 95.794 62.529 53.000 23.917 18.345 78.686 95.006 58.637 1.809 26.461 40.787 57.917
36.201 87.069 2.113 30.190 55.941 34.255 7.175 1.375 93.331 18.584 86.342 29.111 65.186 36.392 41.668 18.021 81.332 53.257 37.179 45.611
30.114 17.801 4.555 97.449 84.924 43.125 10.238 20.753 52.769 46.487 64.757 87.192 3.973 27.196 0.292 60.356 6.489 83.886 17.326 73.467

523.847 760.215 868.613 568.447 644.345 416.665 465.059 535.507 779.620 652.197 645.734 477.285 376.859 458.998 639.199 865.163 351.535 493.118 822.813 531.310 597.985 740.111 610.741 676.378 816.092 672.178 721.680 520.815 426.821 288.745 
