30

20


2.480 2.311 1.290 7.967 6.308 0.049 8.059 4.216 7.250 9.645 0.924 5.950 6.101 5.416 6.932 9.206 9.070 0.575 2.185 0.113 

14.549 29.602 82.506 48.548 58.226 93.857 91.253 7.174 70.759 19.377 86.002 77.794 18.212 13.337 54.902 17.956 48.077 55.154 44.945 41.923
41.365 85.674 82.121 75.567 14.424 30.817 97.848 79.073 50.339 4.054 34.453 48.040 67.640 41.383 51.489 72.017 47.575 14.097 52.914 2.163
1.570 8.750 15.795 89.355 6.328 84.033 75.329 99.222 19.010 42.690 17.404 74.412 27.030 9.089 12.585 58.769 46.259 21.952 4.604 83.406
37.925 77.998 66.917 34.245 92.451 24.302 50.747 96.409 61.911 62.557 22.226 65.563 66.251 83.743 17.680 15.021 48.419 70.545 67.251 92.268
19.824 72.750 35.505 85.200 18.774 3.981 82.678 64.001 74.116 83.577 28.248 71.289 60.343 29.950 90.173 7.749 29.667 16.520 97.795 15.459
40.828 91.681 18.364 15.190 16.255 84.303 75.125 51.871 21.240 61.053 79.393 41.677 77.563 80.009 49.909 58.344 38.003 45.344 94.182 39.556
66.357 17.555 61.043 86.806 15.354 76.037 32.857 18.394 13.438 67.356 20.915 25.330 25.557 11.381 84.159 85.915 35.470 24.480 74.817 5.885
4.723 31.764 14.607 40.535 59.828 29.740 26.472 47.919 35.944 6.364 32.117 12.025 47.343 48.778 19.905 58.139 16.006 79.119 48.241 63.936
80.328 55.552 1.300 41.652 45.365 73.490 1.708 57.043 78.834 95.209 15.998 14.195 65.536 55.776 91.952 49.047 3.759 1.424 53.640 86.509
90.833 22.203 59.306 31.109 88.903 21.066 46.588 33.186 98.277 52.303 10.079 12.588 54.206 73.751 16.773 64.965 93.680 51.164 59.146 25.375
49.799 49.794 28.669 39.850 11.690 8.774 59.196 64.302 49.284 14.921 49.064 16.751 37.196 31.021 66.955 74.167 96.670 18.859 99.969 10.737
3.712 46.230 67.853 88.622 73.867 90.738 9.037 88.154 90.261 0.202 45.632 10.988 10.765 14.695 16.042 87.918 14.761 81.783 91.392 81.994
80.632 3.577 38.517 39.198 15.456 67.222 28.258 19.188 3.791 43.813 33.845 53.075 89.508 28.819 3.371 31.232 25.904 42.817 36.131 79.939
58.084 43.784 8.520 75.133 17.690 28.772 51.094 95.861 16.323 80.945 29.570 77.172 73.572 64.441 23.268 10.709 59.969 63.699 16.857 82.190
43.257 28.669 50.626 36.378 48.745 65.152 66.077 2.025 45.072 5.615 65.397 62.369 9.467 74.296 36.534 14.536 65.428 38.108 1.630 31.162
52.436 74.570 57.798 87.890 11.810 22.817 71.446 55.014 99.035 76.149 0.755 5.160 13.706 27.642 99.104 40.384 64.744 78.955 65.015 37.543
2.507 80.132 76.751 32.206 63.458 55.979 92.745 71.844 29.476 3.021 12.336 79.301 9.126 37.923 2.503 96.774 19.707 23.457 70.369 58.420
34.740 78.801 79.060 25.285 99.879 16.115 72.037 67.774 85.166 81.098 4.499 46.453 40.156 54.766 46.149 41.149 94.117 19.324 34.812 74.081
60.095 48.155 15.923 61.171 10.853 18.422 20.823 52.677 73.650 83.974 17.416 96.086 45.372 97.402 76.352 66.722 65.724 70.132 77.101 17.701
72.090 73.075 28.439 16.398 12.237 5.946 92.592 44.377 52.479 48.072 8.978 94.217 41.528 61.963 35.989 57.833 52.430 88.950 55.011 99.017
71.938 43.543 31.625 52.830 13.229 70.874 41.852 56.365 47.483 33.169 98.030 43.981 43.598 84.950 26.471 78.506 82.928 88.616 18.736 1.057
87.681 18.084 94.383 41.213 94.535 67.098 72.267 67.331 65.167 52.663 99.244 8.180 48.192 15.258 46.675 14.444 26.251 63.054 47.621 83.986
85.976 41.479 1.109 0.615 51.073 25.168 77.143 6.643 54.179 10.199 30.264 79.748 76.249 26.528 5.494 14.216 91.151 88.491 7.043 3.379
89.047 63.223 56.904 3.320 17.270 33.380 39.614 49.039 53.100 36.751 31.394 12.823 52.909 2.537 26.357 25.259 96.748 92.454 31.296 17.403
19.458 78.926 83.704 34.695 76.170 2.348 72.220 40.016 63.952 99.680 63.442 78.479 57.224 49.718 63.200 49.820 21.973 77.972 16.590 57.685
81.756 12.877 43.544 58.404 13.720 31.739 62.501 60.018 89.820 60.321 51.489 75.035 55.985 28.533 26.862 24.023 70.543 31.497 67.736 38.060
3.387 59.606 21.031 66.283 65.052 12.000 47.770 65.273 91.603 68.793 15.487 37.743 0.886 21.572 7.585 29.973 77.827 15.232 7.801 34.070
59.387 71.614 97.696 15.836 20.535 75.728 64.849 82.744 98.917 35.278 73.360 39.440 5.298 19.507 76.031 65.298 96.515 97.936 73.806 24.030
13.542 9.351 60.891 98.648 40.641 29.394 16.933 74.162 13.286 93.068 46.911 56.110 96.184 16.090 88.177 18.372 14.651 52.164 72.398 97.445
98.266 29.888 95.106 59.731 6.551 93.182 13.216 21.156 25.016 97.554 7.540 15.205 79.901 29.945 24.437 98.005 12.294 24.064 40.492 10.502

715.928 338.158 281.059 487.496 363.226 535.412 307.959 404.173 834.205 567.127 597.984 706.286 527.032 317.572 509.044 403.188 414.662 523.571 722.811 397.602 438.599 715.274 491.791 396.316 717.323 608.242 446.746 805.085 602.862 440.040 
