30

20


0.079 7.852 6.628 5.864 3.214 3.686 0.025 0.466 3.503 7.903 5.718 7.304 0.575 8.406 8.485 5.596 7.265 1.178 8.276 4.649 

63.541 27.337 57.493 63.305 71.232 50.101 36.045 38.439 16.947 13.089 78.045 79.148 11.999 63.651 21.867 76.996 74.002 78.391 50.159 75.342
60.093 13.807 25.637 29.380 49.123 17.325 2.459 31.009 42.681 52.963 83.222 91.194 87.792 79.418 73.283 4.527 46.180 35.701 20.016 5.495
60.293 39.155 87.092 1.127 40.109 38.450 63.835 90.058 84.568 28.113 76.022 17.764 77.128 4.001 25.231 65.910 94.110 17.298 51.712 26.687
82.830 87.829 97.820 67.269 89.825 72.152 17.308 58.213 62.942 90.963 75.488 31.524 29.018 27.661 18.397 86.491 59.227 28.195 87.563 30.551
16.270 80.793 46.124 53.205 42.153 35.842 26.005 89.850 67.657 21.884 7.984 46.134 56.500 66.574 41.298 32.627 74.612 98.754 62.312 63.229
18.908 23.037 68.104 16.038 78.407 50.696 32.691 6.145 31.983 89.301 91.018 72.678 10.134 15.681 65.145 39.174 28.884 74.673 84.828 97.364
68.003 13.948 88.707 21.632 73.565 38.180 79.067 79.861 69.364 69.883 3.360 77.829 8.719 58.105 41.277 6.845 74.081 78.086 38.701 73.598
28.727 65.002 84.299 34.454 13.306 43.826 83.458 66.010 6.739 67.084 47.894 78.959 95.028 86.067 14.639 32.602 38.804 83.592 75.921 51.766
77.844 22.405 84.210 19.717 48.229 10.220 20.485 25.204 6.548 5.934 73.278 47.205 71.166 80.309 52.920 41.296 54.807 70.836 13.327 71.886
68.234 23.160 54.351 66.168 85.228 77.196 37.596 47.484 37.502 0.659 15.944 91.603 96.995 50.106 47.549 37.250 53.998 60.058 80.706 88.230
52.235 52.834 40.047 52.638 59.541 69.895 30.855 2.197 28.357 76.895 66.004 51.172 35.598 32.875 65.395 99.956 37.975 47.281 48.183 75.537
7.482 28.832 66.821 22.860 23.017 14.543 89.357 39.280 18.535 35.278 89.824 73.142 30.521 87.817 11.548 61.078 13.489 20.094 88.073 16.868
57.912 12.315 53.430 24.792 68.611 52.922 42.631 56.967 88.656 77.046 39.332 94.525 62.541 27.074 34.222 42.207 80.527 12.035 45.236 21.657
62.723 83.105 77.223 20.856 69.011 77.926 66.132 30.929 56.617 21.267 85.703 56.023 87.920 69.240 62.282 89.409 23.338 99.924 57.504 24.011
23.672 32.121 59.301 94.381 98.932 73.526 4.872 98.951 87.833 48.755 41.074 90.222 9.957 32.513 29.951 70.393 57.562 68.851 48.709 75.881
28.079 18.423 45.541 51.710 52.301 10.729 55.898 0.862 65.851 2.385 31.577 16.295 40.245 90.481 57.606 22.702 59.251 17.389 79.392 50.906
41.097 98.997 74.376 40.112 24.070 2.016 36.708 28.715 73.086 65.301 36.959 88.633 78.912 39.267 13.498 72.065 68.842 1.665 4.133 27.834
87.025 32.030 99.898 2.337 38.572 32.974 98.946 66.588 39.820 84.998 91.099 74.085 20.611 22.458 81.923 8.895 28.289 17.646 66.635 5.043
80.213 48.095 14.517 15.079 32.281 4.527 94.096 18.270 33.940 88.833 93.523 2.218 64.686 45.709 70.777 69.389 11.859 25.491 31.340 17.647
4.128 56.073 85.510 86.617 94.193 90.412 75.011 44.176 43.424 51.695 88.613 44.530 80.039 53.039 51.399 63.757 16.156 7.828 61.794 65.794
37.673 84.190 98.585 56.095 5.252 78.178 59.318 98.554 48.182 2.863 46.605 18.588 85.266 72.047 87.486 35.464 46.062 43.783 11.651 30.388
81.839 17.823 58.353 46.956 7.256 20.045 58.390 53.995 22.998 24.337 87.748 24.274 84.960 27.652 72.705 66.449 62.890 76.114 4.273 60.907
59.062 63.285 72.967 77.370 88.671 90.196 7.148 71.132 18.291 6.292 39.965 5.183 5.405 49.119 59.541 57.787 72.283 22.287 1.908 56.689
0.048 31.971 45.346 77.544 35.113 83.942 44.643 27.872 51.480 47.818 54.145 6.531 89.070 61.628 73.185 73.819 88.631 55.716 67.734 45.303
19.215 34.233 95.217 72.673 77.586 17.192 78.923 65.898 14.801 90.134 43.149 43.926 61.312 75.602 24.824 81.872 24.172 84.222 20.432 40.558
56.545 9.388 83.210 42.200 11.789 43.420 5.579 85.779 29.033 84.750 90.954 70.277 25.420 11.469 96.796 20.443 77.821 44.833 25.318 3.655
43.101 31.894 30.189 40.899 67.800 54.182 60.098 76.640 93.721 41.103 22.835 7.275 47.037 38.152 37.631 15.147 3.763 16.893 25.357 27.317
26.215 97.054 98.715 59.065 36.206 81.259 86.544 51.970 35.553 86.180 31.432 70.975 94.521 33.291 81.155 14.473 53.158 54.373 47.483 55.369
50.781 30.383 17.870 11.794 35.810 27.801 91.258 68.119 21.970 7.574 80.761 19.860 67.489 27.943 23.739 68.960 96.993 36.158 91.282 0.040
97.584 1.148 34.050 91.893 15.701 98.275 82.635 19.666 79.565 66.667 39.487 31.650 29.618 37.286 15.363 10.419 94.731 12.473 33.497 89.523

792.682 619.551 336.736 381.543 515.600 842.112 650.797 856.607 657.137 708.466 474.781 514.616 395.997 864.898 746.960 425.627 419.512 737.387 476.644 624.103 956.826 527.803 462.613 1046.546 472.096 748.257 492.645 997.663 424.091 522.852 
