30

20


1.828 4.077 6.836 4.064 1.382 3.403 9.052 2.335 2.733 0.283 1.848 9.872 6.762 9.627 6.349 5.824 5.133 2.256 9.424 4.801 

7.584 2.302 75.287 65.147 43.123 0.042 83.888 91.041 38.277 65.337 38.121 64.767 62.135 57.253 12.117 94.105 18.020 15.487 43.553 18.022
80.751 66.854 38.706 19.405 72.361 86.073 72.080 86.075 94.750 78.181 84.236 55.089 76.765 62.053 32.771 41.251 53.515 8.562 86.294 62.160
9.106 83.130 48.836 13.414 93.410 28.093 10.071 43.858 8.317 51.056 15.747 62.064 50.370 95.830 44.413 64.152 3.463 33.488 1.027 36.863
59.955 26.645 38.321 32.176 21.868 11.119 6.608 0.461 87.509 12.704 64.466 68.225 12.032 84.774 34.077 26.987 49.022 2.471 48.638 92.850
19.336 94.861 46.654 86.366 0.403 86.728 51.386 20.354 8.636 77.612 10.116 34.917 26.160 22.495 4.368 95.958 25.100 66.032 47.980 56.684
62.634 0.685 13.388 45.391 64.332 72.498 86.019 82.459 82.793 81.641 55.090 2.148 69.683 71.146 10.603 77.785 1.065 4.309 6.444 59.484
55.804 25.705 20.676 75.660 98.535 87.639 26.245 2.928 17.056 83.104 43.072 23.259 18.041 39.305 92.381 71.093 83.908 60.158 87.737 64.629
2.819 46.828 17.361 74.361 70.776 86.816 71.463 0.330 18.610 0.243 14.642 4.322 38.769 55.678 32.351 65.208 66.373 5.138 55.180 81.438
39.977 40.915 6.695 72.649 61.298 70.766 58.966 99.949 94.481 19.084 91.302 13.402 12.572 57.019 99.425 10.331 66.149 69.201 98.636 33.778
24.373 89.834 71.899 29.426 88.966 80.066 70.305 14.659 3.952 49.504 39.690 62.368 33.339 45.471 19.764 15.360 76.798 5.731 77.400 35.411
44.990 71.034 64.848 32.073 19.751 95.995 10.964 40.412 64.389 98.801 27.840 94.311 99.058 87.218 60.092 38.852 85.935 27.488 77.005 35.349
65.276 56.451 61.008 26.813 27.567 69.565 16.698 33.689 76.618 98.015 65.483 93.343 5.116 1.020 79.927 48.549 92.725 48.382 93.596 93.518
0.188 71.289 70.480 49.439 15.638 42.940 55.426 19.947 36.493 48.481 22.754 81.857 36.241 69.472 82.173 81.343 52.696 39.462 85.069 88.546
68.471 22.789 45.407 77.201 87.625 43.969 75.580 23.589 29.075 66.722 59.485 12.753 64.371 84.184 34.017 50.966 22.524 48.400 73.428 38.614
49.477 20.305 82.124 97.777 52.973 20.733 39.781 91.737 90.507 81.380 62.924 61.585 20.066 72.993 73.393 5.671 15.263 10.305 36.934 25.577
81.982 99.678 63.421 83.343 10.780 82.973 40.474 30.333 66.914 43.582 1.551 2.282 64.777 98.946 43.191 40.807 73.755 24.760 21.844 10.269
60.176 64.413 13.233 18.595 26.232 23.839 81.618 89.276 41.093 34.718 1.321 35.680 52.479 0.001 25.841 42.185 14.881 27.125 95.755 67.595
53.518 80.674 37.169 29.748 2.182 44.398 11.619 95.119 35.793 4.421 28.256 18.128 86.980 17.432 8.385 45.111 48.778 72.421 70.620 16.012
70.270 33.018 47.237 9.686 43.741 1.228 65.115 23.806 64.065 39.548 72.916 49.619 83.373 31.666 56.815 84.361 1.083 95.168 47.451 97.831
91.050 80.840 96.770 70.131 32.963 42.411 25.121 97.738 2.599 20.055 66.352 2.212 64.835 41.533 41.996 17.244 98.806 25.137 1.084 11.034
20.858 47.321 18.147 78.161 75.246 63.855 82.708 80.195 80.734 98.262 43.250 59.137 97.299 29.450 70.790 32.656 3.587 56.725 67.148 61.165
43.323 75.925 81.824 5.663 96.812 82.222 76.176 86.559 40.564 90.242 73.178 71.208 35.749 37.950 71.612 86.470 91.238 56.092 98.302 8.426
62.526 67.423 71.031 48.609 74.481 56.884 27.674 20.037 41.269 90.756 91.285 36.544 51.535 5.863 67.702 75.430 80.470 76.889 26.237 2.154
31.941 10.812 68.468 92.563 66.194 30.925 92.243 17.181 36.255 13.282 33.565 69.286 62.365 68.673 63.241 19.749 46.789 38.992 51.101 20.013
68.937 99.498 73.730 77.722 34.998 33.509 17.108 22.292 74.576 14.614 49.920 58.882 64.926 7.752 72.319 96.882 9.609 87.526 96.551 10.001
9.375 39.320 38.841 2.160 56.220 99.475 37.980 13.484 38.512 46.558 91.383 65.986 48.224 6.295 59.310 6.237 94.690 99.398 2.511 26.535
52.602 77.977 96.047 98.677 63.031 77.741 40.395 4.975 86.370 40.390 7.552 9.310 11.726 91.482 53.756 32.829 21.400 16.725 70.174 5.368
29.465 74.467 81.003 98.053 98.856 96.223 36.994 20.496 18.086 77.454 25.025 27.446 16.215 20.527 21.932 38.098 27.003 20.210 61.228 75.360
78.967 63.807 90.552 59.616 77.663 11.119 66.156 43.059 81.809 56.202 19.433 25.436 14.260 9.312 10.548 9.645 2.743 90.028 58.144 41.464
85.896 76.244 84.356 60.518 96.180 18.494 75.808 35.412 88.817 35.234 26.430 2.267 74.156 64.014 8.694 86.271 61.548 63.345 8.966 18.214

727.547 767.576 303.588 553.667 556.746 588.583 385.070 314.111 450.111 368.585 972.548 623.107 491.656 610.584 988.113 680.611 577.423 618.491 341.527 601.471 846.058 864.656 796.097 539.750 860.472 539.655 496.244 702.716 602.472 852.676 
