30

20


0.006 7.301 5.732 5.852 1.963 1.537 1.565 0.984 4.818 9.869 0.214 3.472 1.813 9.076 3.466 9.243 1.250 0.946 9.588 9.573 

90.209 91.019 59.264 0.005 8.949 56.358 45.336 37.100 0.501 92.150 28.824 21.224 83.572 51.613 17.463 75.223 70.925 86.265 39.578 67.055
86.251 60.258 31.087 98.911 39.311 80.753 34.750 65.351 73.164 78.081 65.473 41.707 32.737 81.764 11.738 32.319 54.555 64.515 65.843 42.853
42.968 55.649 95.858 26.930 43.912 45.004 61.962 64.405 9.415 79.965 48.780 41.434 64.855 3.014 68.883 4.704 86.502 54.848 37.015 37.469
49.724 84.411 27.478 4.005 32.475 32.237 31.674 62.861 0.642 37.166 69.609 67.124 85.512 81.105 52.403 31.040 88.485 2.501 29.418 19.364
16.299 74.723 78.087 56.371 36.284 46.586 81.684 54.484 25.113 12.484 73.622 53.407 49.288 21.022 50.748 62.787 81.514 48.574 48.795 19.261
85.281 46.871 39.515 75.429 67.871 52.943 24.081 9.342 71.287 50.921 24.154 84.972 75.384 70.381 10.410 12.870 64.884 85.626 42.417 22.638
2.588 43.962 41.017 43.513 99.298 19.289 85.636 63.124 22.450 99.206 32.075 68.988 72.841 9.503 60.391 83.728 61.403 76.398 66.969 16.258
7.897 18.823 10.282 95.716 33.688 91.228 90.869 38.629 27.660 32.269 22.502 80.327 33.323 13.797 59.704 11.727 84.888 91.531 23.335 97.719
46.728 98.873 47.654 34.514 37.924 67.952 65.846 8.788 92.245 18.479 17.181 26.056 88.417 92.210 41.796 85.654 84.757 66.589 63.777 99.353
3.694 66.746 64.460 51.213 75.242 25.517 15.234 13.321 50.082 65.083 70.008 28.153 86.803 86.282 94.957 65.001 43.083 19.081 63.598 3.837
28.291 65.606 87.852 78.789 0.934 22.138 1.952 89.553 74.111 0.464 73.482 32.642 48.893 65.679 68.791 71.210 88.545 37.121 14.844 77.066
89.850 18.481 13.801 84.752 97.796 13.105 45.098 9.069 17.130 63.538 45.398 25.380 16.784 57.387 2.977 35.253 50.249 12.768 7.999 14.042
97.170 37.351 8.928 61.263 13.135 11.670 86.186 6.725 33.784 94.579 32.733 11.210 20.106 64.404 5.176 27.277 54.972 42.327 60.338 96.818
30.854 59.078 69.447 6.322 3.463 54.009 40.252 31.862 16.790 22.916 38.801 12.514 12.365 73.045 52.444 98.486 38.605 46.682 85.407 46.675
40.831 92.391 62.352 0.241 92.644 13.236 94.378 71.707 94.634 68.352 21.738 59.779 43.444 69.695 49.070 1.885 56.120 88.502 92.787 59.141
7.834 87.096 45.457 51.439 48.161 41.952 68.552 89.489 22.870 13.440 63.600 22.333 42.296 12.723 15.413 35.069 99.981 38.138 85.916 50.981
52.841 67.665 35.582 33.985 15.479 97.278 13.952 89.192 63.247 37.707 95.554 26.471 34.105 46.948 54.541 51.905 65.664 35.594 50.493 39.340
36.102 22.939 27.061 89.133 13.646 45.567 43.984 13.107 45.218 2.534 4.427 3.162 94.642 50.571 12.010 8.494 41.602 12.455 0.279 24.330
78.311 56.520 7.395 39.021 81.238 18.278 10.971 87.422 89.497 49.603 41.699 22.068 95.452 30.562 37.026 30.392 30.734 15.020 43.883 66.418
32.661 84.167 65.096 61.346 90.154 41.205 23.177 19.064 81.008 51.483 71.145 84.799 67.273 35.333 51.763 76.853 33.253 25.425 69.103 54.411
63.936 73.346 69.426 93.334 68.413 33.028 0.683 83.763 16.863 65.818 67.446 97.797 13.481 23.713 39.278 40.603 94.153 82.337 60.528 80.712
64.746 37.714 73.286 63.870 76.637 57.842 35.401 55.402 59.792 66.244 81.419 8.522 67.835 22.243 85.376 58.457 69.264 35.505 35.576 28.561
45.484 75.257 6.639 13.454 23.726 65.347 88.875 8.123 6.264 39.292 79.611 30.769 21.301 50.485 2.500 87.048 9.973 93.121 23.677 15.253
86.169 2.582 97.369 75.075 39.252 31.547 96.033 77.939 78.501 5.094 20.593 16.029 55.833 99.657 76.181 53.492 9.263 88.502 73.526 15.269
2.251 44.195 87.006 75.871 55.892 10.630 95.189 3.062 7.595 87.744 99.552 38.508 85.824 1.987 96.404 72.674 72.479 37.064 60.953 25.193
90.344 92.101 94.543 94.975 89.838 50.671 55.306 63.375 12.888 5.024 12.550 15.315 90.286 21.186 86.040 10.839 78.261 92.873 25.550 88.108
79.553 60.819 10.757 84.555 72.278 65.064 13.398 26.455 75.915 62.899 44.768 76.957 40.965 92.991 23.546 14.812 23.474 30.332 70.992 28.795
58.893 61.372 26.151 10.500 71.508 46.090 57.863 14.551 67.325 23.937 83.006 45.199 63.450 67.342 99.129 86.376 21.093 1.954 98.553 99.592
17.965 99.151 8.294 31.806 4.560 6.061 50.226 85.119 94.609 37.621 81.997 17.598 29.540 51.999 94.440 14.603 5.847 69.737 68.570 28.825
78.197 48.526 34.249 32.925 44.869 8.635 23.786 97.584 74.980 66.907 44.197 91.546 87.890 96.133 55.272 71.811 9.165 67.327 5.364 44.630

331.271 369.175 553.395 622.893 779.184 767.883 502.612 614.371 737.545 892.397 606.770 652.524 641.154 558.508 603.542 650.037 612.975 209.322 541.256 791.233 650.942 688.821 494.381 820.496 573.817 699.144 624.046 620.103 480.944 685.527 
