30

20


5.298 0.698 1.728 3.504 8.272 4.569 6.388 3.387 5.180 7.151 2.507 2.456 2.752 7.554 1.999 9.369 7.137 2.386 0.868 8.056 

36.125 76.004 21.704 76.824 6.235 20.240 49.555 31.596 18.686 74.865 10.969 3.043 42.485 79.402 6.277 6.048 31.438 99.357 10.028 53.712
84.438 46.075 30.021 79.592 66.254 16.827 85.694 32.806 65.826 14.243 11.331 79.013 44.851 90.435 42.277 73.255 84.900 32.258 94.055 10.604
63.190 5.709 24.983 2.837 8.298 56.425 33.427 54.837 90.701 64.000 86.006 82.066 34.649 30.555 42.967 89.690 8.932 74.890 60.460 38.899
30.680 82.691 46.678 57.949 80.833 30.389 94.821 53.521 78.370 82.709 90.980 61.016 30.933 56.416 85.797 69.575 13.314 17.486 95.993 1.331
15.441 55.799 78.270 22.574 91.933 60.683 40.390 36.683 26.662 64.154 13.055 51.796 28.466 30.074 48.541 28.145 29.291 55.365 63.913 49.132
75.653 12.057 96.302 92.140 28.205 38.959 97.944 67.622 32.499 90.207 76.933 29.186 1.585 27.901 93.583 79.605 24.823 30.640 0.976 99.727
60.903 54.274 24.882 63.390 32.153 31.306 88.247 47.057 93.938 72.908 61.067 69.915 49.768 20.647 39.285 50.686 87.459 64.776 16.307 5.973
38.279 92.526 50.211 68.805 33.680 60.616 64.749 28.298 44.648 60.123 34.949 79.016 61.486 21.955 43.509 27.001 87.665 71.636 46.448 61.492
58.603 22.146 65.049 65.331 86.340 2.807 2.247 6.705 61.511 86.157 19.193 94.339 64.610 50.683 97.472 14.669 72.618 91.680 59.486 51.980
71.279 1.409 97.648 34.462 9.384 79.443 51.480 68.470 60.121 47.792 71.835 54.642 33.441 46.604 48.645 67.803 46.341 84.876 49.144 37.698
0.305 35.409 45.091 96.126 57.657 10.409 39.582 51.204 20.726 88.836 68.935 74.076 99.258 8.140 19.830 38.490 15.065 77.735 40.330 30.389
10.339 59.210 94.380 59.741 52.289 6.990 82.379 57.754 14.087 19.346 77.551 64.851 69.606 30.556 17.536 67.057 18.292 38.114 31.872 96.723
13.339 86.385 9.657 48.059 33.978 24.723 8.821 40.548 81.860 67.796 33.285 40.731 65.522 18.761 92.678 38.388 77.480 8.831 0.915 55.266
10.442 23.778 89.923 45.177 5.554 51.049 25.018 59.227 88.752 92.639 93.061 92.087 64.184 7.143 39.362 99.592 38.305 14.204 84.251 23.444
2.579 67.045 75.097 3.847 48.316 81.933 58.306 95.877 74.963 19.950 71.090 58.095 17.472 99.202 70.954 81.165 36.025 46.222 19.145 3.282
80.159 2.909 52.600 47.204 58.669 31.629 39.402 13.292 98.789 50.657 62.023 96.581 64.904 18.630 87.758 87.646 88.630 91.744 5.720 78.253
32.344 11.669 75.403 16.182 24.104 8.575 97.500 9.619 7.790 77.704 85.252 95.198 13.931 54.303 7.324 12.008 99.942 59.635 31.361 11.341
27.978 69.665 33.178 86.590 52.022 17.743 89.766 57.498 25.590 30.028 56.474 38.028 60.410 1.035 24.437 99.689 28.187 83.018 84.170 78.666
83.762 94.782 71.540 79.743 36.975 38.381 17.791 11.857 86.546 10.137 65.564 33.127 18.657 14.861 20.142 65.537 18.143 85.981 30.848 32.027
98.461 69.134 24.394 18.891 99.135 80.469 16.596 42.172 9.405 1.543 38.844 86.426 40.710 36.608 16.409 1.895 21.842 99.635 1.175 82.525
75.872 70.111 95.531 22.345 46.202 34.422 37.680 45.059 20.585 29.811 25.444 0.930 40.608 60.588 52.650 64.424 28.376 38.739 75.260 96.645
40.724 73.791 84.149 61.879 79.737 13.822 22.881 73.666 38.790 4.080 7.269 75.082 65.076 43.692 81.139 76.946 48.624 91.985 48.220 16.758
82.996 63.317 98.562 46.914 60.341 3.885 11.224 19.828 59.262 83.081 35.003 41.465 86.995 56.771 43.957 92.349 69.591 93.299 41.655 89.684
72.582 61.223 17.473 18.046 76.161 83.350 8.600 55.458 23.050 96.698 95.411 61.850 8.927 16.126 40.911 26.903 4.447 31.074 51.092 69.580
94.637 84.062 11.644 81.982 98.414 99.223 19.165 5.840 70.563 81.931 40.461 79.482 7.775 93.269 88.641 33.654 19.775 83.444 76.760 59.657
82.458 88.651 62.358 43.478 85.607 80.985 80.266 90.286 69.345 82.705 6.842 98.541 4.062 57.847 21.526 2.401 5.424 64.354 64.665 68.292
54.494 45.751 59.806 37.256 54.034 72.750 88.496 91.853 94.671 1.569 8.326 13.604 6.237 56.924 4.712 23.682 32.683 66.549 96.730 41.580
38.353 68.205 89.159 92.819 39.511 53.103 99.916 63.028 98.643 81.985 96.475 61.236 84.780 44.947 93.196 93.059 58.786 20.894 30.567 44.035
98.668 7.737 49.661 34.809 70.093 19.188 63.064 71.779 21.177 58.228 29.899 97.773 20.105 96.966 86.974 2.902 99.670 55.426 26.588 79.642
41.854 9.145 87.082 57.338 94.421 83.408 83.966 85.856 4.649 24.812 12.109 94.750 34.155 29.944 71.035 93.232 45.719 48.051 65.373 69.260

431.905 530.389 446.565 265.012 458.683 614.591 639.004 337.811 679.456 555.702 765.702 763.110 335.558 733.545 675.780 716.322 483.939 633.119 491.069 438.446 557.311 393.829 539.529 393.442 774.347 759.112 532.499 880.370 848.870 951.128 
