30

20


6.551 7.322 1.286 9.999 0.553 4.927 7.877 6.489 7.965 3.399 4.048 1.821 7.052 5.695 6.820 4.717 3.026 4.582 8.956 0.771 

9.158 51.677 52.906 23.081 45.962 20.354 88.488 30.609 79.435 34.765 84.642 39.456 73.864 19.766 80.623 33.914 85.818 49.323 42.428 29.200
32.394 79.098 79.288 88.868 49.848 54.083 21.974 35.721 60.562 96.999 34.394 55.918 23.068 77.695 32.747 3.519 55.498 22.317 11.399 62.502
78.246 13.792 63.936 77.298 86.567 0.346 61.228 18.022 83.086 71.746 25.313 22.133 48.112 85.504 26.210 80.785 91.500 4.284 64.115 70.053
92.911 31.200 56.328 26.625 85.402 32.420 58.351 4.439 33.234 75.198 99.772 3.875 12.737 77.782 84.226 93.752 56.241 18.902 44.229 85.001
1.893 40.562 66.377 73.978 17.522 8.430 21.330 47.108 30.835 36.185 16.241 67.482 96.767 74.012 71.016 56.753 24.025 78.230 20.601 22.781
99.691 2.006 8.776 40.343 47.048 38.598 58.386 85.773 13.331 26.389 67.382 8.545 58.624 94.455 8.728 37.310 5.057 66.394 19.576 73.256
16.657 21.015 2.524 74.663 33.317 67.113 59.860 80.575 79.378 42.110 89.566 2.115 73.223 24.822 29.312 44.888 71.037 25.992 17.289 77.472
79.822 88.529 46.370 22.225 2.926 61.792 38.494 95.455 48.563 77.063 31.340 31.560 55.644 80.201 71.646 46.983 52.152 81.189 23.885 82.018
32.427 91.396 77.934 70.018 62.692 85.142 95.224 76.216 13.626 7.558 60.839 89.300 45.153 56.112 31.190 4.411 16.506 81.799 14.734 52.510
67.290 48.040 72.624 15.511 57.481 91.283 1.380 28.239 73.402 41.195 22.155 15.283 80.032 87.623 38.828 35.978 15.938 82.082 95.096 88.638
75.027 66.619 87.865 48.387 5.835 43.828 21.440 18.969 49.402 20.110 21.634 62.807 53.377 71.180 82.763 98.175 78.517 68.403 98.408 58.440
94.878 26.997 47.139 47.169 77.289 89.604 91.561 56.577 77.119 6.411 49.270 86.797 26.293 16.817 83.442 79.768 46.717 75.654 86.082 18.900
36.706 69.436 82.960 41.007 49.249 26.407 39.169 34.425 1.835 66.644 72.556 42.165 5.080 48.882 68.173 58.309 51.128 46.286 75.412 33.998
51.328 77.520 92.732 43.583 34.917 29.965 45.953 84.638 19.719 95.154 50.273 66.056 45.338 86.765 16.579 65.576 77.067 84.352 94.248 52.597
34.349 45.336 18.706 61.794 99.064 70.745 33.990 97.455 26.705 37.839 98.105 26.821 4.322 53.671 30.217 1.358 43.241 20.442 48.204 59.894
93.472 9.301 84.150 67.541 80.633 15.867 29.712 18.338 76.483 60.102 26.241 16.746 97.328 10.121 89.792 89.210 72.964 35.971 54.915 0.149
77.863 79.958 9.191 4.781 26.879 1.754 91.226 91.261 96.263 11.208 70.643 49.873 50.026 2.730 60.378 78.658 11.499 53.088 8.789 34.934
68.764 49.102 81.417 69.010 20.202 12.186 43.941 0.939 54.754 75.376 34.783 2.511 15.254 90.733 25.142 57.286 59.518 10.158 9.752 3.016
89.785 96.134 83.709 56.872 63.411 66.693 11.775 1.649 61.231 77.439 1.758 58.137 6.933 73.013 74.787 48.577 50.171 48.396 62.020 80.175
47.427 48.437 18.913 4.684 32.042 92.232 33.206 32.554 36.049 75.490 40.124 20.870 33.528 11.087 59.491 54.323 23.687 45.761 19.310 83.057
82.650 66.556 39.079 17.092 91.129 32.531 18.948 98.626 66.448 32.408 81.185 10.006 41.460 64.332 13.731 7.745 37.337 64.672 38.508 81.299
30.149 5.956 35.485 60.099 90.430 29.658 64.529 78.019 82.110 12.111 17.522 70.399 36.459 4.610 12.650 77.030 63.353 29.997 60.923 13.874
69.786 93.382 80.149 17.692 90.738 99.880 80.904 17.985 17.212 97.378 8.675 78.850 81.798 96.969 32.510 39.040 60.944 34.063 99.786 24.606
60.294 60.563 37.222 32.064 99.166 60.689 93.853 87.782 62.825 52.263 30.011 81.442 55.908 71.489 41.884 8.573 69.407 34.030 67.671 46.625
86.855 55.952 83.596 19.098 73.154 34.573 15.513 64.825 91.084 39.271 19.280 25.884 31.389 55.954 15.187 33.821 48.112 77.921 64.727 84.350
13.630 60.580 52.768 74.069 96.476 95.528 74.999 59.958 90.516 59.421 94.293 50.362 10.480 14.699 23.127 53.982 75.333 35.648 65.101 84.936
91.082 69.116 38.568 9.059 20.918 53.788 15.546 90.125 8.679 89.940 96.816 97.264 64.987 35.166 58.940 93.422 44.831 58.427 68.048 32.610
31.984 62.866 84.887 93.529 55.492 77.155 65.311 84.799 25.695 95.773 98.024 72.523 1.700 32.390 8.092 92.798 33.816 0.613 8.786 14.128
84.834 19.702 93.997 30.542 49.746 4.428 51.001 45.287 21.466 69.799 61.957 89.393 47.830 59.290 52.452 78.236 85.280 86.667 49.659 6.734
45.118 78.890 12.703 48.118 72.261 16.130 16.978 20.197 96.076 11.950 42.163 6.621 92.101 1.216 82.250 47.240 4.949 5.671 82.938 7.002

486.837 814.939 417.132 567.832 782.362 474.320 521.188 699.482 616.790 630.863 719.062 724.159 612.994 694.218 795.369 734.084 488.898 471.220 908.414 454.218 426.376 559.541 558.759 917.358 791.866 640.309 795.116 703.042 865.449 509.949 
