30

20


7.887 2.099 9.189 6.821 4.830 9.637 0.586 3.120 6.889 7.221 1.909 6.855 0.465 5.559 7.619 8.944 7.412 0.664 4.730 5.780 

67.714 10.840 8.357 45.528 60.125 68.721 68.865 81.118 44.921 94.679 2.689 95.844 90.086 2.763 55.594 10.213 1.090 6.495 1.859 14.220
70.604 18.301 33.709 4.091 66.372 46.128 85.173 70.422 25.843 10.513 28.487 88.240 2.270 96.971 75.255 78.412 75.808 67.691 77.877 63.740
1.714 9.732 26.195 15.936 43.547 87.065 51.502 13.567 38.456 46.485 14.225 87.151 67.059 41.922 29.094 51.718 5.613 70.889 91.390 85.789
85.068 80.632 79.402 55.833 94.226 7.165 69.884 31.847 30.223 45.441 70.910 52.381 11.573 50.601 66.500 46.949 57.601 48.588 64.870 50.689
27.025 56.228 86.179 8.872 72.079 52.622 44.957 28.205 2.523 12.016 67.449 81.858 78.787 71.138 89.539 94.596 39.346 8.046 31.293 92.609
34.519 78.372 46.680 68.385 75.742 78.402 23.327 29.443 55.104 35.810 52.981 62.659 72.202 12.870 59.988 43.943 22.558 96.909 20.270 72.024
53.264 55.769 87.983 41.988 80.156 72.718 42.635 53.581 7.054 2.331 96.041 33.353 53.448 23.680 57.173 77.675 19.403 23.704 34.785 66.867
57.275 94.262 26.716 4.079 37.970 67.426 87.627 82.957 61.216 37.170 28.355 30.667 7.077 97.808 95.347 21.500 89.489 93.666 33.351 95.937
81.052 65.804 81.069 7.662 33.254 23.404 70.050 66.196 46.824 80.650 43.974 75.575 21.082 53.548 56.037 45.070 93.271 38.657 98.296 11.873
60.977 65.881 1.858 2.483 76.041 12.151 62.219 6.192 98.958 4.767 12.335 85.184 62.285 18.662 29.883 4.564 75.404 11.294 73.817 18.335
32.807 48.169 14.521 47.960 92.895 10.190 61.751 82.910 72.792 56.455 99.678 76.926 36.362 4.297 89.767 15.916 73.766 8.785 67.026 78.334
42.512 81.903 13.262 36.607 68.632 92.984 58.307 38.419 89.797 19.101 35.848 67.275 52.243 12.360 38.828 57.224 19.547 60.859 44.752 26.349
47.300 93.120 42.486 3.322 36.206 53.460 14.189 88.752 52.433 19.605 63.297 86.441 51.695 80.823 25.600 27.877 40.048 4.139 28.087 80.034
85.107 34.569 45.067 86.348 9.408 55.492 24.809 43.348 5.177 97.596 86.859 32.953 57.509 84.797 68.545 43.818 36.227 72.978 11.809 38.181
93.698 51.286 79.286 20.126 87.984 12.642 91.318 84.902 43.896 30.204 85.083 45.152 71.274 97.553 40.599 97.055 11.524 57.571 31.638 2.947
36.379 48.372 33.292 69.246 28.387 48.029 22.536 5.844 46.449 83.028 51.021 2.900 78.695 59.833 79.382 49.918 52.536 54.404 12.955 90.368
2.025 99.338 32.531 9.145 48.810 2.579 38.975 32.588 63.073 88.832 24.058 80.754 34.158 86.052 64.254 43.485 75.942 28.689 41.451 21.991
18.771 93.664 16.169 32.138 48.939 88.686 50.808 33.458 77.385 69.555 13.516 15.295 7.656 2.673 25.237 35.792 26.620 68.199 86.711 96.018
44.708 17.558 31.902 79.939 50.961 43.042 16.053 94.783 60.877 2.019 77.998 13.536 99.371 99.199 31.120 66.150 64.465 37.542 65.510 21.364
97.672 38.907 85.289 93.393 46.991 94.215 9.872 10.639 22.194 35.475 48.072 4.877 94.766 46.701 21.546 25.805 93.689 55.777 38.680 12.103
73.795 88.940 13.669 65.966 28.900 23.694 30.262 57.108 53.788 68.444 80.586 24.796 90.130 18.478 52.466 53.220 40.766 96.880 15.422 40.668
55.681 26.948 63.016 49.367 43.036 5.090 95.830 52.940 13.686 8.466 91.615 20.702 7.357 22.479 6.348 98.803 71.193 68.160 81.921 77.412
88.319 78.652 68.834 0.173 79.418 85.212 94.254 9.531 41.576 6.512 81.649 42.676 7.172 34.592 70.555 27.466 15.453 63.498 9.938 19.336
58.090 42.575 72.255 94.872 20.385 29.101 69.037 16.378 0.486 68.593 95.729 95.060 72.076 28.035 55.291 22.662 81.120 36.145 59.160 66.891
16.254 23.110 15.426 2.419 69.637 6.325 88.721 97.262 27.577 66.730 83.744 6.378 83.089 86.350 91.754 69.925 51.670 74.618 54.449 33.784
98.650 42.566 83.642 60.138 86.523 64.238 61.546 10.297 55.638 67.925 84.671 54.843 66.038 32.367 91.409 92.602 94.924 29.182 55.543 97.956
6.570 74.180 42.370 87.000 11.371 32.009 92.796 14.800 70.891 8.203 72.807 94.880 13.343 73.087 35.584 63.741 2.787 3.981 59.562 85.694
65.263 26.552 78.948 9.048 68.752 16.081 49.121 8.583 42.883 44.411 26.128 53.520 58.681 30.161 34.121 54.357 12.057 97.606 53.936 6.420
49.554 74.492 36.254 79.629 51.706 76.034 10.575 67.766 72.272 5.449 66.914 99.987 72.940 48.631 81.384 15.455 3.479 48.823 87.717 68.113
1.202 1.129 82.048 40.231 31.070 8.003 10.555 33.849 86.742 17.532 71.672 78.067 12.300 16.427 15.708 31.528 1.308 80.326 29.549 32.893

593.479 871.345 547.745 800.899 718.931 523.201 526.062 700.216 718.516 513.791 581.521 740.143 408.767 557.520 547.500 640.670 671.505 451.382 700.412 629.819 418.053 314.790 580.024 644.747 632.068 945.159 819.531 298.831 685.634 235.540 
