30

20


7.273 0.120 4.125 4.535 4.892 5.878 3.651 7.090 0.869 2.896 4.772 6.304 4.458 2.318 2.278 8.788 6.966 6.244 2.223 8.582 

77.357 80.826 49.087 86.342 1.327 71.231 85.015 60.178 48.350 22.293 49.120 45.435 83.772 44.679 34.653 0.525 13.534 80.981 76.373 17.027
28.076 2.313 68.859 78.170 31.147 75.749 19.963 37.734 41.211 80.491 73.380 37.538 83.557 73.739 66.148 88.162 93.193 36.274 92.636 54.722
17.075 26.013 57.455 72.931 49.290 29.474 59.644 40.777 18.411 91.443 68.973 30.414 96.916 33.827 8.081 95.573 79.164 93.262 40.530 10.976
25.830 13.523 40.114 56.915 58.587 46.582 91.284 47.671 8.662 10.194 71.401 66.408 18.120 21.685 96.586 44.928 63.218 82.708 75.095 32.392
30.767 34.594 17.879 21.859 9.543 53.473 26.561 13.747 6.106 90.983 28.330 80.920 79.219 56.660 26.635 47.980 51.562 42.131 7.019 63.185
75.701 7.386 89.703 71.886 75.475 13.440 49.463 21.684 56.602 40.706 90.762 87.916 45.290 43.605 25.032 5.128 62.540 43.863 66.652 74.991
92.076 71.318 87.054 23.158 49.457 48.371 71.457 75.802 74.646 93.322 44.786 67.138 19.707 15.862 3.281 35.155 23.698 55.467 43.341 57.051
65.723 71.028 20.230 46.214 5.970 3.649 61.827 12.226 37.141 80.574 88.226 23.197 9.370 11.229 50.717 9.077 47.503 4.648 66.067 97.961
66.510 76.339 53.452 27.741 98.926 44.548 47.672 7.669 72.037 87.455 29.473 83.872 90.546 39.692 15.351 61.035 85.030 80.557 51.511 49.499
42.526 61.148 87.138 72.323 82.543 61.953 62.616 81.089 65.261 84.448 53.597 85.176 5.057 88.188 36.159 28.566 44.706 18.137 9.891 2.215
23.334 13.021 2.730 91.137 37.615 12.963 6.083 60.073 57.954 17.898 45.862 49.370 98.048 58.307 11.824 40.522 11.154 4.391 23.394 93.463
58.065 38.235 30.679 74.482 63.749 27.178 31.793 87.108 69.917 85.661 26.443 14.876 90.796 30.174 33.650 95.707 33.021 39.929 52.455 3.940
3.024 61.422 17.813 31.199 85.681 13.057 99.554 69.433 80.643 74.892 68.527 72.189 56.732 90.810 30.035 80.424 36.210 53.867 8.642 14.858
33.713 25.289 4.651 69.153 3.353 5.683 94.759 60.297 82.839 70.027 18.983 25.009 23.765 17.616 68.965 35.428 95.796 75.561 5.726 7.109
24.839 19.014 22.783 20.407 24.936 9.901 83.100 16.102 27.912 69.738 58.583 92.141 48.890 0.571 45.177 2.440 55.458 3.361 30.428 39.570
9.895 29.872 41.736 37.180 93.635 20.641 64.126 99.366 88.094 66.007 69.181 88.760 64.694 33.234 59.042 33.153 0.580 49.112 3.039 27.723
61.025 49.843 74.393 58.914 81.671 40.583 90.339 3.360 80.082 87.834 68.313 65.971 49.637 63.060 65.489 85.223 58.734 38.225 13.826 66.728
72.182 37.415 8.824 86.452 63.363 47.355 43.175 94.265 35.109 42.986 96.163 26.572 89.755 83.133 16.194 92.107 95.585 6.813 76.912 89.803
62.636 69.573 79.975 42.355 66.657 41.670 77.479 53.100 63.948 74.171 40.231 3.939 44.831 9.386 61.333 84.311 18.944 55.912 38.054 69.996
39.641 48.508 9.335 31.916 97.738 50.081 91.710 90.064 34.059 24.341 98.357 35.839 1.048 87.313 93.061 86.277 6.367 70.525 71.657 78.239
61.901 20.790 64.054 27.085 93.984 49.306 73.837 79.683 44.657 78.087 56.151 23.241 41.403 35.253 54.399 5.816 19.708 77.765 66.490 3.684
27.377 53.859 78.593 1.631 9.360 45.604 90.969 24.099 1.006 97.072 42.636 13.062 49.730 96.618 24.516 4.795 3.813 81.208 54.166 21.318
11.568 7.350 36.560 78.406 80.159 39.304 8.139 50.141 30.768 43.739 90.172 76.537 11.108 58.962 91.743 45.778 7.836 27.554 30.973 98.205
65.305 72.348 13.295 33.110 87.188 98.267 85.846 69.462 24.170 2.710 81.880 46.081 45.432 32.184 37.799 26.040 73.276 76.436 23.783 59.492
87.015 48.667 59.910 87.048 43.256 14.007 47.538 1.620 44.827 70.774 68.524 12.626 47.032 62.403 60.699 71.430 1.095 30.476 28.921 48.422
81.482 44.620 55.099 30.028 75.146 5.565 56.837 92.100 59.757 52.096 42.765 11.878 35.574 37.604 48.321 22.287 66.858 84.190 24.590 5.727
4.083 65.203 71.352 73.793 53.209 80.710 42.946 21.892 80.394 25.270 52.752 56.780 78.024 61.022 50.889 24.905 15.311 62.790 98.883 51.326
3.520 41.745 9.158 3.641 0.250 56.361 80.344 72.512 70.516 28.981 96.479 83.864 19.669 18.147 92.934 22.168 34.221 1.124 19.165 78.321
7.117 58.931 30.996 27.832 27.338 56.540 12.232 61.483 48.672 45.279 55.223 12.694 36.585 19.176 4.877 16.371 24.417 1.795 26.167 11.782
56.513 61.511 66.086 38.237 55.236 60.350 70.150 92.510 62.582 28.274 64.037 10.943 44.522 2.126 72.271 23.838 56.820 73.001 69.413 87.651

632.953 665.631 623.711 670.653 378.490 589.309 725.992 339.949 1082.679 951.252 391.939 896.137 822.102 432.642 435.478 549.691 787.938 358.410 651.615 847.511 786.104 197.158 481.022 863.370 683.068 593.069 722.888 373.464 256.639 851.055 
