30

20


6.237 7.598 4.108 0.553 6.880 7.874 3.402 8.566 6.525 0.724 2.402 4.822 5.896 0.523 3.373 9.495 2.988 0.090 3.711 5.373 

96.737 62.083 49.240 59.430 96.790 25.687 43.223 2.836 7.514 43.878 17.150 93.354 91.074 95.271 96.324 3.956 68.966 25.540 50.088 34.669
30.871 24.561 24.150 18.039 23.903 95.437 60.041 86.239 17.037 67.650 62.185 92.039 20.524 3.268 55.945 89.613 25.189 23.801 14.612 23.482
72.394 19.839 59.008 36.529 61.478 0.106 34.871 87.159 18.801 67.197 61.080 98.464 8.275 0.888 0.585 21.868 11.574 36.251 21.416 33.492
31.875 25.197 94.166 31.392 0.841 81.612 46.897 33.925 37.719 12.612 65.522 35.730 20.441 33.901 44.432 68.421 19.733 77.948 19.860 68.456
24.938 35.007 58.069 93.580 53.441 29.773 88.080 25.928 75.166 42.269 79.659 77.313 1.824 4.480 0.027 37.806 7.623 38.185 30.454 14.357
47.657 9.632 56.649 52.662 36.984 86.322 55.889 52.758 6.991 7.609 73.569 70.708 13.051 39.670 59.688 58.013 86.648 62.912 64.647 4.717
69.919 12.789 20.721 93.688 43.446 53.975 66.413 7.396 14.842 77.545 9.295 1.600 84.204 3.088 56.550 8.333 92.878 71.288 5.622 43.418
19.337 74.120 96.676 24.566 69.811 67.501 52.230 12.853 79.192 62.322 22.037 32.919 32.216 74.895 48.235 65.225 80.938 99.541 42.918 95.864
37.863 30.921 13.523 70.686 35.767 75.110 80.682 17.567 80.225 36.495 75.234 72.500 21.923 44.725 28.397 79.087 71.494 7.701 5.273 66.516
9.756 67.774 74.102 29.543 63.430 55.789 1.396 46.695 73.095 92.176 38.472 69.374 24.036 52.070 41.028 95.887 3.831 22.051 84.794 64.008
94.466 99.872 9.152 18.118 18.074 19.244 99.280 0.882 9.780 22.237 3.642 66.216 89.850 6.521 68.142 40.657 86.468 91.664 5.125 29.195
20.188 26.352 2.213 74.144 38.591 66.165 27.928 5.146 71.522 21.425 92.283 59.973 10.031 10.966 77.864 50.106 75.502 62.267 15.845 18.396
92.899 91.673 84.296 58.169 84.711 37.578 22.568 63.387 98.370 50.080 34.916 92.012 98.021 29.239 53.791 11.488 16.893 98.522 3.160 14.431
50.821 51.648 65.727 46.081 19.939 57.368 55.073 4.366 26.666 66.017 67.955 28.768 45.867 90.238 52.282 20.089 30.057 56.605 36.319 92.121
67.716 61.557 40.143 24.243 67.507 34.271 87.768 48.180 49.598 92.309 91.428 4.461 59.832 40.431 56.477 95.607 95.837 96.139 8.791 68.703
9.737 68.425 13.893 81.184 48.249 53.924 98.668 64.379 90.950 22.949 77.717 30.806 62.231 18.691 2.854 11.042 68.432 50.803 74.934 3.166
94.467 52.443 47.081 86.312 54.400 17.278 92.178 12.893 67.932 40.489 12.520 82.829 7.412 76.122 59.921 24.033 72.084 68.724 62.390 52.441
40.762 29.135 5.365 43.630 71.517 68.048 39.501 86.989 37.405 58.919 58.299 18.313 43.324 33.658 83.825 4.452 81.820 11.560 34.707 58.959
47.427 55.083 68.043 38.162 28.588 78.565 63.316 84.259 45.130 38.576 92.249 15.158 29.165 29.513 75.018 33.982 93.251 63.150 91.669 75.220
33.448 67.089 48.292 74.134 34.560 8.214 51.034 0.053 7.660 28.652 37.089 39.675 12.166 52.610 73.369 90.698 27.185 56.350 68.468 14.921
8.530 8.936 93.766 67.098 84.435 19.154 20.194 35.788 27.407 68.394 68.365 57.045 80.035 98.582 78.561 62.587 5.336 43.535 95.894 67.331
12.710 90.800 84.327 72.438 39.774 70.743 22.870 91.501 26.778 45.372 97.427 44.860 72.533 51.781 18.984 58.514 4.636 3.768 25.743 39.904
50.097 62.671 42.823 84.677 59.460 42.260 74.905 15.500 48.099 19.083 86.085 32.263 47.175 48.370 7.081 78.989 25.869 41.607 90.474 54.978
81.571 11.150 9.876 9.046 70.446 68.964 61.503 55.833 4.633 80.940 54.770 42.810 2.340 80.946 82.415 19.400 80.123 2.752 37.314 18.042
75.071 52.573 70.406 18.361 76.467 81.980 77.243 87.920 64.187 63.543 96.601 94.629 35.716 95.622 44.414 14.627 70.725 91.140 69.319 21.686
75.411 77.495 58.767 89.016 69.352 40.432 0.187 74.108 0.546 42.030 38.999 0.262 49.062 90.391 42.783 6.931 25.409 77.391 11.942 72.697
0.891 54.687 27.263 35.424 17.013 95.536 20.588 25.046 81.626 24.619 64.281 10.563 90.879 48.567 40.111 4.507 95.155 56.568 71.213 40.208
51.617 98.834 94.946 68.827 74.019 0.495 2.734 10.559 64.051 0.026 14.886 96.184 63.948 39.914 20.728 75.579 49.366 94.759 56.890 20.831
35.468 13.176 48.885 41.225 1.883 85.064 29.814 40.552 17.439 17.377 59.758 6.799 55.069 89.567 10.937 40.292 64.928 61.337 20.550 45.102
72.903 77.459 88.594 53.204 84.843 44.441 7.491 4.613 29.933 16.215 69.931 44.735 34.986 26.430 99.079 21.091 13.435 75.679 96.187 4.226

943.979 318.350 450.185 535.963 537.175 481.767 435.457 584.736 486.160 365.755 426.091 575.205 692.400 519.579 593.493 498.558 745.832 619.552 618.986 486.313 675.577 658.672 459.786 750.462 1009.594 553.238 516.924 644.524 532.227 579.857 
