30

20


7.191 2.281 3.743 6.731 1.239 4.950 0.439 1.836 5.701 6.199 3.255 8.417 0.433 8.572 3.143 0.144 9.983 7.282 7.008 2.848 

13.993 33.466 80.149 60.352 54.669 99.966 39.889 38.159 9.996 82.871 21.958 85.961 99.956 41.706 6.926 38.214 62.692 1.961 36.715 28.120
19.635 20.946 91.018 8.163 12.710 23.301 96.035 12.752 61.906 62.150 57.420 55.830 87.355 15.333 68.621 81.369 46.682 80.467 97.358 83.821
92.273 41.608 51.614 37.693 82.718 81.954 60.293 52.447 95.599 28.332 83.554 38.943 4.953 91.774 41.349 13.780 75.500 24.548 19.746 81.757
85.453 87.475 40.188 96.333 53.968 5.496 30.072 33.861 29.741 40.069 94.992 54.381 62.582 44.187 64.242 27.536 58.860 41.939 53.980 4.711
77.756 97.935 92.326 80.363 15.209 6.208 69.502 65.924 93.554 54.988 12.457 42.798 88.884 52.397 58.688 4.543 60.035 31.260 23.304 19.088
78.091 96.558 69.285 40.210 67.285 31.162 34.729 16.785 56.221 19.411 30.007 18.929 73.923 4.288 5.567 14.180 23.193 82.226 80.431 47.644
43.177 98.971 72.164 22.295 95.873 96.549 72.266 98.820 80.257 9.148 12.867 18.308 3.076 13.141 56.386 80.881 48.095 60.852 23.600 47.541
97.552 89.235 12.636 36.598 83.635 50.401 16.752 25.964 78.016 59.443 96.963 35.926 47.361 91.151 6.080 86.835 35.709 20.997 41.586 70.888
73.703 37.434 5.004 26.354 68.797 60.430 62.598 4.030 96.306 89.933 52.969 34.925 3.027 7.312 89.202 3.281 43.625 63.911 46.598 59.751
71.512 73.182 53.205 28.498 47.303 34.209 35.680 68.247 19.319 93.409 22.028 89.486 83.715 34.361 36.386 24.582 80.865 56.959 28.522 10.333
45.947 45.041 60.723 17.889 22.837 16.863 31.300 90.334 33.161 99.177 87.769 85.825 4.306 57.019 54.952 59.555 11.080 91.181 83.204 9.956
14.535 72.661 28.454 44.813 52.927 19.657 5.464 33.388 47.359 73.592 11.634 99.595 48.401 94.253 18.888 3.676 92.504 18.484 63.337 69.938
55.349 48.898 46.918 51.931 93.904 26.395 92.792 58.491 66.585 4.290 96.822 79.725 67.110 25.050 44.738 38.760 60.445 39.517 17.426 89.124
62.778 38.194 48.872 57.752 76.582 16.217 62.620 31.469 96.225 27.245 32.379 30.532 13.079 74.057 79.748 33.813 59.599 33.308 86.669 35.250
78.786 33.989 6.138 49.701 36.377 70.607 76.664 46.200 1.151 44.344 78.698 72.881 82.284 99.767 50.813 91.556 84.046 9.868 82.845 10.875
18.045 34.021 87.468 28.633 74.196 70.799 6.381 2.607 94.564 23.995 46.954 83.307 34.498 87.068 52.591 74.216 55.935 0.244 39.604 86.661
99.850 33.611 21.326 24.157 98.073 51.984 17.029 77.922 42.428 32.201 67.987 65.954 21.397 88.687 17.310 90.203 1.785 3.854 79.307 74.410
29.957 31.123 88.191 24.424 7.169 12.132 91.023 80.699 50.839 2.002 76.204 83.225 44.774 51.367 94.901 7.944 33.823 66.991 24.975 88.963
99.798 16.534 60.958 53.427 75.998 50.799 48.436 53.294 21.612 59.372 64.263 18.352 74.724 81.025 81.898 38.405 54.082 3.704 85.326 13.034
76.493 20.001 31.920 26.802 71.777 17.324 67.430 31.788 66.569 3.579 46.190 40.837 23.823 65.805 34.016 55.522 57.879 95.888 59.250 66.921
98.332 49.678 33.989 51.774 31.648 8.541 87.835 68.346 38.885 95.680 58.382 27.570 13.409 39.098 90.445 75.702 84.046 71.550 51.737 98.155
78.377 60.744 37.247 5.658 88.346 74.914 31.083 59.654 79.577 30.101 3.561 64.025 38.166 4.324 68.376 51.712 6.493 66.216 54.132 0.876
83.779 49.607 14.373 90.938 23.890 53.739 60.935 85.485 76.743 85.823 9.860 25.772 29.924 81.617 22.558 12.655 17.691 45.686 80.684 80.037
83.365 36.002 2.502 91.968 75.799 96.839 51.554 77.528 56.845 4.127 46.142 69.004 25.213 40.372 32.031 46.380 31.765 56.712 41.798 35.566
29.730 93.962 69.072 86.908 48.936 77.644 3.396 52.655 39.385 31.979 89.358 84.845 78.602 64.900 47.199 68.586 82.783 7.573 28.660 98.692
47.321 53.333 13.894 63.696 45.220 76.559 37.733 13.805 99.673 97.962 89.832 76.824 50.760 49.170 56.244 76.924 62.426 84.433 60.848 40.785
61.808 6.878 54.116 83.249 34.051 12.275 38.447 32.482 58.707 23.092 67.445 22.560 58.178 67.163 83.695 30.951 19.389 48.524 89.490 35.820
62.165 16.698 36.847 62.225 59.037 86.804 58.589 11.236 61.358 63.904 5.560 42.243 10.743 98.117 94.828 53.971 65.372 28.088 8.675 24.788
93.046 45.908 18.245 20.815 5.171 45.733 14.834 13.952 35.198 26.792 1.808 52.013 90.454 5.340 52.157 63.438 37.548 41.770 12.453 86.578
98.220 91.786 16.330 13.481 7.961 46.472 54.023 90.425 93.712 60.085 84.009 58.549 6.154 30.124 92.117 19.043 90.183 82.624 25.810 3.348

719.514 592.725 761.209 718.541 615.875 540.546 695.283 762.450 646.119 591.460 714.236 666.687 762.731 478.631 801.396 749.783 777.664 662.934 743.617 734.381 897.600 380.178 525.670 438.408 774.737 709.308 609.201 597.292 315.962 800.629 
