30

20


6.049 9.077 9.266 0.327 1.552 2.893 1.570 0.881 1.526 8.638 5.188 0.999 7.882 4.601 0.077 8.434 1.077 1.703 9.273 2.462 

59.114 80.967 86.520 96.817 42.078 36.440 18.935 82.557 13.067 80.030 98.574 3.637 44.301 80.240 75.403 66.267 11.268 99.066 0.929 25.143
33.654 75.522 72.236 9.442 12.131 23.328 37.678 78.201 72.656 70.500 71.197 32.671 2.595 56.897 5.691 70.768 70.651 35.173 74.059 92.588
26.620 19.938 54.180 84.139 3.967 41.316 30.257 88.278 50.122 6.352 48.950 27.242 75.502 92.243 38.268 43.071 27.713 39.149 84.507 33.380
31.412 68.949 66.510 54.811 86.945 17.049 85.226 94.614 29.788 42.750 91.331 95.728 13.935 78.610 55.551 32.952 32.867 42.395 71.238 13.422
78.059 94.864 36.550 21.305 81.653 24.250 36.692 7.897 83.972 94.230 57.616 33.975 61.941 15.579 3.444 60.822 24.794 16.360 35.642 54.855
43.736 23.471 93.892 30.933 90.205 24.192 15.400 3.814 12.363 16.286 68.383 53.016 36.486 27.170 63.681 49.808 14.312 55.131 15.761 42.792
25.238 29.794 11.839 56.101 3.415 43.926 80.221 9.968 53.580 95.729 22.846 5.894 14.644 28.171 95.834 30.579 29.425 64.728 29.758 48.237
1.035 53.250 27.804 54.857 93.360 91.727 34.142 67.590 44.435 93.770 51.782 93.619 29.197 18.401 58.417 7.465 8.249 23.357 1.625 70.891
8.947 96.091 33.050 70.806 19.754 31.652 6.567 14.012 69.974 27.452 43.595 73.008 59.668 69.683 42.742 34.633 28.690 63.051 62.055 14.214
67.966 83.785 61.313 80.409 79.461 9.771 11.973 52.752 27.154 68.306 60.562 70.952 78.924 59.969 76.553 78.535 12.432 78.588 69.934 2.642
70.702 88.242 29.310 90.050 25.276 45.346 19.334 21.251 13.768 16.568 49.317 16.495 9.371 36.444 62.540 98.009 61.936 15.034 52.718 76.597
48.337 43.662 8.227 43.877 57.766 13.117 69.342 19.758 10.339 62.606 76.063 3.854 26.487 53.166 15.804 89.827 32.191 50.910 80.412 27.730
38.462 68.237 0.770 54.537 86.955 4.299 36.284 73.929 97.168 63.013 17.402 73.354 0.344 45.689 77.133 87.547 70.779 62.892 45.802 1.248
11.010 76.715 99.959 66.968 65.043 94.329 57.666 51.779 9.811 55.740 56.128 47.926 23.430 65.906 62.667 41.112 54.364 20.600 6.382 26.098
50.786 39.007 2.552 80.228 23.131 73.793 24.478 84.147 15.088 46.792 99.772 51.404 15.344 81.757 35.840 34.358 47.930 80.282 61.331 52.786
25.065 70.302 61.306 15.106 66.596 65.971 89.610 54.353 90.158 17.815 62.935 13.331 10.501 96.776 36.528 21.899 40.925 46.858 18.963 11.782
46.896 0.186 56.541 71.091 61.133 29.315 30.244 5.153 10.000 64.818 73.821 12.942 76.195 21.166 85.475 7.895 98.970 31.612 56.705 93.825
66.776 8.108 87.245 21.280 37.211 49.952 25.102 1.311 41.923 80.352 4.755 69.323 92.735 98.320 84.603 5.008 0.606 11.731 49.563 96.541
15.363 29.630 34.494 14.002 74.144 20.217 59.171 22.912 46.982 20.817 42.320 46.008 73.138 50.178 6.721 30.590 98.563 44.572 38.649 13.694
55.264 2.884 75.392 40.313 37.197 33.580 61.977 43.929 91.839 21.948 9.772 65.293 14.542 32.872 82.690 54.885 62.163 21.029 97.934 0.534
79.140 7.427 31.430 77.356 72.910 96.967 55.973 21.173 96.366 4.817 27.511 96.584 57.905 21.388 35.182 41.922 76.322 91.204 84.810 90.948
45.200 15.170 40.128 73.820 0.175 52.433 98.967 0.050 89.927 60.580 34.427 97.796 19.881 12.559 9.421 56.631 55.802 2.271 77.973 81.746
92.136 76.801 66.765 29.942 54.342 34.643 29.198 33.827 24.699 0.790 0.676 66.535 89.151 20.225 52.824 17.408 23.944 44.130 55.924 79.745
21.093 85.915 66.850 59.513 9.772 13.727 11.645 33.981 8.323 51.861 46.270 16.240 93.224 1.701 14.491 67.732 14.759 35.057 20.344 77.493
64.885 2.124 92.009 97.567 51.500 2.429 66.977 81.761 50.074 75.366 98.428 46.509 63.828 50.164 58.340 41.966 77.355 19.258 47.354 89.726
56.663 25.346 49.395 98.488 10.087 34.119 53.185 68.172 66.030 75.718 80.545 1.767 70.013 62.001 0.965 42.503 33.536 5.742 29.924 89.902
55.331 46.680 83.979 37.136 76.162 80.535 1.496 73.362 54.289 77.790 67.046 70.743 73.500 56.176 23.611 28.370 59.354 39.765 45.102 71.912
19.997 81.901 2.553 22.263 40.877 18.417 77.514 51.398 44.813 27.202 38.673 36.982 93.082 0.099 3.751 92.342 32.866 22.609 92.997 21.774
4.307 72.759 52.082 72.569 73.813 82.312 54.482 45.566 7.097 19.458 36.621 38.819 97.512 37.483 18.050 24.954 59.024 4.306 28.291 78.214
0.406 3.404 87.272 17.755 66.211 43.914 29.239 57.674 95.341 30.074 88.823 74.262 18.607 74.059 67.929 0.265 45.279 68.867 63.205 41.895

605.764 364.728 578.559 822.782 785.040 359.854 401.025 459.707 498.438 755.448 523.648 457.511 581.140 796.657 513.989 582.814 463.841 218.993 618.540 597.986 728.796 378.160 624.038 507.565 662.998 699.260 616.556 400.597 575.562 319.195 
