30

20


6.865 0.362 1.520 7.760 5.324 7.965 6.404 1.644 2.218 3.930 1.943 8.684 6.029 8.675 8.373 5.675 2.008 6.497 0.107 7.265 

87.470 74.046 58.559 70.901 6.639 0.761 41.077 4.008 31.405 93.414 5.615 21.417 69.097 92.419 99.135 39.253 10.809 52.181 55.744 74.543
42.566 80.933 83.885 43.677 67.007 76.415 47.269 99.864 95.892 38.896 85.446 12.573 70.336 9.867 17.950 6.390 84.601 17.617 36.549 40.152
45.178 71.077 26.017 43.946 89.422 22.915 68.515 99.213 3.199 26.282 45.848 68.390 17.286 57.761 19.332 36.150 57.788 10.957 90.987 5.335
75.142 51.745 58.459 1.507 80.372 7.215 12.044 52.679 89.029 2.479 68.821 84.060 90.378 38.132 86.496 47.136 59.573 97.187 30.966 93.620
8.503 23.338 8.114 22.324 31.823 84.305 17.349 20.167 83.908 10.658 21.455 81.810 3.151 57.501 89.456 88.461 71.343 56.953 27.822 48.460
38.529 55.029 82.129 64.442 7.719 81.123 27.805 75.374 96.767 60.532 81.111 98.657 14.162 33.631 16.686 68.404 81.868 88.148 0.234 18.878
52.129 59.332 5.565 61.382 86.836 13.896 22.320 31.247 21.068 29.054 6.101 96.274 81.478 54.415 13.828 73.160 26.586 78.375 44.312 84.719
44.219 63.674 38.001 42.903 38.883 71.188 75.946 31.966 14.156 39.890 3.733 22.351 78.037 22.339 37.123 47.440 77.082 2.996 22.079 1.763
80.880 18.864 64.540 88.171 17.332 25.359 68.098 10.460 61.621 18.050 39.895 79.210 66.346 76.642 97.970 74.737 59.895 57.664 19.935 4.341
3.031 16.708 57.884 59.722 13.547 70.948 96.099 51.458 84.033 64.530 97.510 50.256 67.363 55.360 99.865 51.795 18.593 2.563 96.886 72.224
9.941 44.800 36.132 37.468 50.606 86.251 45.992 90.697 58.963 32.655 21.904 77.080 3.656 93.389 41.287 52.813 54.122 49.904 93.537 55.896
92.083 93.817 73.000 30.188 8.721 38.599 42.991 82.882 56.502 69.656 1.481 55.365 37.265 28.571 31.152 0.642 47.646 53.559 12.161 40.863
97.817 18.144 5.950 67.231 30.241 35.695 84.970 82.100 18.431 47.304 33.496 99.224 20.824 20.780 26.307 53.338 91.994 53.120 3.324 13.744
38.788 8.484 61.294 34.657 42.062 47.629 19.921 38.034 49.520 26.717 60.384 65.618 64.867 42.479 68.458 88.853 82.457 94.935 24.671 77.659
49.941 13.387 80.611 85.787 76.110 81.693 20.138 13.459 50.578 11.342 30.246 39.962 61.572 67.034 6.550 74.218 25.912 50.881 56.868 11.723
21.129 71.927 18.852 26.857 23.283 7.376 41.426 86.403 58.482 67.049 44.360 26.412 81.739 94.729 81.374 86.417 91.500 59.190 95.714 28.431
0.240 26.385 83.371 37.562 30.667 52.995 66.368 92.217 82.715 0.677 56.285 60.040 11.905 20.075 59.944 6.748 35.547 32.933 76.544 1.287
29.353 38.337 38.449 68.311 73.357 66.475 29.604 88.631 16.202 97.077 2.033 2.423 88.514 85.005 69.435 73.725 84.234 22.959 27.448 42.599
68.223 81.245 60.528 28.278 5.553 33.322 83.876 70.039 33.977 61.014 0.427 77.144 93.506 20.191 69.185 81.186 81.875 90.690 44.110 85.476
60.852 66.335 11.204 15.210 91.477 49.160 20.225 43.718 98.496 43.738 25.717 75.353 32.281 77.532 33.119 65.831 95.358 96.681 82.325 0.393
83.772 96.278 59.816 20.944 57.413 44.977 2.714 40.119 97.928 26.957 47.680 7.596 50.450 8.390 28.698 32.910 36.896 89.369 18.941 85.433
95.131 46.241 76.452 24.607 64.976 69.418 19.227 26.958 68.408 99.574 1.436 80.104 43.701 57.048 65.628 8.695 69.604 16.941 82.140 85.394
9.862 95.037 38.195 80.048 28.597 29.559 38.765 36.423 78.881 17.456 90.268 84.593 98.746 16.679 3.057 24.976 18.681 4.085 4.773 15.143
20.273 27.140 77.170 40.877 60.979 35.072 9.063 36.366 46.519 83.480 27.314 15.082 74.237 25.997 22.914 90.059 0.175 50.985 77.724 84.620
5.179 3.496 84.496 40.915 58.224 40.310 14.282 60.350 4.923 78.282 50.752 36.421 35.610 52.648 80.320 8.583 54.574 86.804 60.603 63.933
2.167 56.386 83.824 1.651 61.569 97.371 60.719 21.464 85.759 69.734 71.704 42.417 95.085 19.166 45.192 30.479 81.011 6.845 68.747 10.314
66.197 39.185 50.028 4.469 53.348 66.720 25.375 50.502 82.394 72.328 63.045 51.694 75.809 86.284 8.294 45.510 61.822 70.851 43.900 64.681
85.466 48.206 97.634 26.634 27.224 71.435 2.650 93.412 74.724 14.575 69.007 6.490 55.687 39.169 8.826 60.272 57.579 34.339 56.872 90.200
4.193 62.447 29.358 48.811 35.689 63.043 53.804 88.765 72.508 72.946 57.319 69.178 19.757 27.424 64.373 43.028 5.176 5.599 57.651 54.153
51.971 18.722 18.360 25.983 34.623 0.896 47.786 39.741 28.433 13.309 49.539 71.022 22.137 51.330 22.312 26.833 52.244 65.701 78.031 93.507

603.958 475.004 582.473 720.146 621.813 850.220 341.577 255.417 827.707 742.066 485.106 752.604 530.371 572.268 667.592 686.096 618.425 554.869 964.619 708.344 551.692 590.213 466.563 650.879 810.879 397.633 419.832 426.390 299.872 509.668 
