30

20


0.404 2.002 5.813 8.675 4.453 7.894 2.235 7.397 1.813 9.604 3.922 9.625 7.699 9.200 6.185 9.755 9.234 1.765 1.758 9.447 

66.083 85.912 32.412 17.340 96.789 81.878 72.326 66.787 24.941 14.931 50.834 13.687 94.595 5.769 52.833 93.459 93.427 13.427 67.358 97.707
36.469 67.493 91.147 56.108 27.624 25.016 60.166 54.172 66.335 48.319 10.283 1.759 7.154 43.624 12.981 42.239 18.997 99.361 86.493 11.583
37.983 30.121 89.717 99.540 60.916 91.790 44.989 91.547 21.279 69.249 45.474 13.089 77.414 36.542 90.849 8.361 19.044 31.821 55.228 17.418
26.249 53.026 46.828 15.153 92.179 88.975 31.932 39.520 31.852 67.246 10.677 97.508 3.724 18.319 95.394 53.688 84.014 7.885 91.919 25.926
80.017 78.526 31.022 30.620 42.565 3.666 13.705 11.278 38.540 2.120 11.520 7.474 10.917 34.665 82.111 75.500 76.684 95.129 82.113 17.245
50.785 18.255 70.578 9.147 64.192 97.128 62.328 38.544 87.910 41.955 95.872 24.372 48.488 52.109 38.113 20.106 36.819 44.526 29.690 94.359
40.476 54.997 19.065 42.414 37.127 54.789 68.274 28.143 65.898 34.025 78.415 36.048 20.414 38.664 3.202 62.009 83.700 74.667 65.625 38.012
41.512 87.820 88.962 11.146 56.039 13.935 38.058 62.287 65.169 6.676 61.818 62.216 57.036 39.780 19.794 63.721 43.475 99.870 8.460 85.676
58.563 80.301 65.480 32.531 71.218 78.017 5.028 27.633 34.233 3.706 15.026 22.387 89.530 74.473 50.996 24.250 21.804 30.576 14.242 72.242
71.078 98.135 63.704 12.511 55.147 36.126 86.814 45.181 61.438 26.192 41.250 68.011 71.651 79.385 33.701 77.344 97.261 73.443 5.389 66.965
73.170 41.184 71.438 49.601 93.834 68.941 70.714 98.153 43.491 6.901 64.395 40.396 38.715 97.905 65.329 96.577 40.304 39.798 44.053 90.160
32.588 90.181 15.665 89.978 71.227 83.424 7.441 4.354 73.305 72.999 57.006 86.375 53.390 93.753 67.184 90.443 50.386 89.620 54.272 33.370
87.359 78.773 55.770 0.604 36.016 16.011 20.487 28.933 30.151 21.253 45.557 71.550 25.553 31.595 72.987 22.007 86.874 76.893 31.569 54.767
40.776 52.983 57.804 16.943 2.174 91.642 11.224 25.191 10.838 6.753 30.297 23.655 26.041 49.831 78.714 24.188 56.992 81.730 55.110 39.258
86.363 92.726 1.755 50.733 39.544 18.776 31.784 65.225 27.982 69.724 37.213 66.035 51.004 42.361 33.127 89.180 94.207 25.112 84.729 33.948
68.735 94.444 12.148 78.368 39.831 66.964 80.181 50.696 62.313 47.046 81.941 45.751 66.380 35.502 74.080 11.475 71.064 18.506 44.033 84.174
76.281 61.962 40.290 76.997 33.592 66.979 74.764 70.928 99.086 64.110 99.071 82.506 40.284 50.642 23.067 58.294 38.674 87.205 8.647 96.118
78.956 62.598 12.270 21.943 34.227 40.197 32.340 45.198 29.225 28.603 37.581 4.263 28.875 48.123 27.235 22.910 87.019 19.359 72.811 24.717
98.362 50.149 23.905 27.295 30.068 12.147 1.707 85.641 59.226 8.852 55.771 67.758 29.367 49.005 95.330 24.262 84.475 91.157 70.556 76.812
29.251 84.992 18.164 79.326 53.461 43.793 39.592 78.798 99.142 89.097 53.147 58.581 76.989 68.610 80.483 17.876 18.601 5.434 91.887 4.138
32.377 62.507 33.269 36.588 54.776 41.008 43.112 99.392 56.571 22.896 89.227 72.741 91.552 89.881 10.888 74.866 11.714 47.564 48.510 97.164
3.500 33.232 33.196 25.530 84.136 29.237 38.024 64.030 81.785 87.865 6.606 21.948 8.303 17.563 10.867 97.219 67.338 55.077 49.676 69.458
0.317 68.046 16.315 9.219 89.343 26.551 65.580 17.952 84.517 96.474 20.696 10.364 33.794 87.041 80.893 13.144 85.132 53.150 91.115 24.668
61.929 31.525 82.574 16.448 35.203 31.952 82.972 33.162 5.069 56.809 8.294 40.467 20.663 84.971 94.828 61.174 97.054 64.189 30.981 36.531
49.679 97.448 33.570 18.075 84.249 3.467 44.268 66.687 40.079 41.574 23.388 46.730 23.602 99.187 78.622 26.750 67.013 67.901 76.252 7.763
73.432 39.683 12.440 78.403 37.657 23.500 78.193 62.373 17.888 29.093 1.284 46.534 88.483 38.747 85.784 48.126 26.364 23.422 42.616 7.143
39.582 6.173 86.248 30.407 74.303 53.402 28.356 54.305 63.228 58.096 16.140 54.721 40.100 98.705 11.277 41.146 4.888 78.051 75.986 42.122
93.750 62.323 26.928 92.397 4.937 31.799 51.329 14.072 54.185 22.543 70.224 46.469 62.185 3.331 17.094 87.312 65.366 41.268 3.891 1.310
24.239 0.029 98.974 17.565 12.377 25.400 73.022 77.228 31.661 58.080 22.804 41.220 60.117 35.102 10.936 71.507 30.344 18.384 97.232 58.406
88.008 50.162 19.783 17.399 59.129 43.952 63.473 17.462 49.309 43.450 78.500 8.786 75.755 91.337 84.208 32.730 21.795 99.060 56.503 61.387

1012.338 385.221 270.491 473.614 451.297 881.522 669.101 421.675 180.327 541.839 513.813 444.189 335.595 374.408 719.224 812.926 320.686 567.819 507.302 499.871 663.411 761.838 909.780 706.448 578.303 569.181 701.918 577.807 534.236 565.407 
