30

20


0.927 6.882 5.402 5.980 8.137 1.236 0.562 8.849 7.074 1.969 8.717 5.600 3.197 8.926 2.885 9.959 0.055 4.809 1.788 9.888 

97.887 12.555 36.315 43.500 95.338 65.910 5.722 21.403 80.979 34.785 12.241 30.437 81.958 84.457 36.984 76.937 74.463 45.573 24.616 45.478
60.005 29.758 55.720 47.090 96.506 90.937 62.226 22.154 69.472 53.039 64.487 67.510 23.850 21.175 4.834 5.175 81.131 52.739 0.359 11.245
23.394 81.100 66.104 28.634 31.358 71.954 79.326 25.548 0.852 69.358 79.085 60.024 77.881 90.896 93.840 19.309 36.276 58.018 80.702 75.300
72.020 85.161 36.899 55.228 22.799 15.893 1.875 34.900 92.246 79.385 6.866 76.120 41.679 53.751 77.809 60.074 39.399 86.722 56.908 89.885
73.479 99.362 25.438 98.828 70.729 24.828 20.911 70.236 87.575 0.049 79.435 83.783 52.232 96.082 38.311 13.259 20.795 67.345 26.031 32.289
56.941 8.702 58.587 85.286 74.738 82.119 32.940 23.623 76.815 62.810 19.165 98.731 87.036 52.682 66.198 18.155 43.342 88.445 44.064 96.017
8.073 76.692 65.888 82.729 25.853 72.540 76.778 12.856 17.529 76.319 67.192 98.273 52.462 85.125 94.908 78.268 73.607 31.709 11.879 70.356
79.838 71.973 57.018 7.937 94.023 28.807 46.308 23.484 73.684 91.131 46.636 12.240 72.792 18.152 53.755 27.756 9.943 89.892 51.911 69.429
48.712 94.109 48.598 86.667 67.228 3.530 96.564 46.549 24.456 62.327 8.722 4.152 20.126 19.344 12.931 95.227 77.839 47.217 54.448 49.298
11.350 71.610 76.955 26.166 1.383 11.924 35.674 1.308 18.711 84.580 10.307 67.455 24.321 45.909 48.970 12.784 39.624 14.529 34.022 68.794
60.894 20.342 50.328 37.825 66.379 46.882 23.843 82.159 84.288 37.588 76.592 56.146 57.968 12.822 95.473 54.351 34.949 96.904 46.390 7.408
52.206 40.223 54.777 17.356 59.202 6.523 35.791 58.253 29.243 75.935 67.594 0.123 58.205 84.344 5.172 46.132 96.552 12.737 41.323 32.960
65.686 93.203 31.777 59.440 46.654 40.170 61.615 65.634 74.755 68.153 95.574 74.322 6.785 69.507 60.991 51.887 57.593 85.502 87.981 18.808
33.132 37.438 63.147 8.939 33.067 0.739 67.025 98.489 43.640 97.074 54.369 31.967 88.848 58.866 34.210 79.056 26.650 68.274 47.445 65.113
30.566 34.588 83.693 30.743 89.061 20.950 52.010 25.885 66.941 70.342 58.035 81.299 10.976 68.331 87.572 51.939 0.872 51.241 90.003 51.852
72.094 90.544 40.698 45.740 91.631 49.429 73.477 61.684 39.407 35.461 4.444 37.139 45.811 36.590 87.774 42.871 39.640 38.514 74.516 58.412
46.124 91.001 63.725 27.446 7.740 82.378 38.455 16.663 20.690 69.273 54.466 65.609 96.838 76.548 85.879 74.189 76.949 20.567 12.012 75.080
70.453 74.448 45.908 28.062 80.795 24.046 28.142 36.880 77.296 32.406 27.204 49.383 90.353 2.329 39.250 13.873 53.880 76.720 95.234 26.095
40.679 42.318 9.144 56.324 48.215 18.013 56.636 70.939 26.861 88.875 18.366 42.233 91.066 77.867 18.393 77.444 89.970 67.429 36.729 50.715
42.709 47.702 70.331 68.561 52.425 79.303 18.616 27.849 27.354 59.371 99.683 65.899 37.621 51.477 25.386 55.015 16.384 89.660 48.479 84.546
7.360 26.136 70.075 71.544 32.314 52.664 69.184 97.770 61.090 61.608 33.427 35.094 27.850 21.155 86.830 11.389 96.786 44.679 92.498 96.372
4.486 48.690 74.732 70.417 44.726 25.232 15.248 10.972 68.593 80.105 89.878 87.867 9.568 40.361 44.344 51.453 40.478 11.041 96.225 41.813
74.188 12.976 51.069 6.284 34.330 20.003 89.198 65.007 17.807 56.096 92.686 17.397 73.855 74.181 67.181 97.331 50.523 83.551 23.287 17.395
50.205 66.840 55.950 3.695 71.411 70.211 38.703 61.924 21.079 19.183 78.062 81.953 38.309 56.562 5.945 90.431 98.972 14.937 43.884 59.480
93.914 82.589 75.556 73.670 27.620 6.265 37.650 80.194 5.197 50.337 88.063 77.547 15.090 72.973 25.213 79.289 48.438 83.086 91.715 24.717
82.941 42.921 18.858 63.923 39.016 48.397 87.833 25.794 33.986 99.244 66.058 71.369 96.450 74.804 64.044 85.500 13.062 86.029 91.922 23.604
69.989 26.545 84.149 62.831 83.064 99.026 71.083 59.530 6.991 60.515 60.853 96.835 54.951 40.666 48.206 70.011 88.201 92.194 53.712 17.181
0.203 55.483 44.341 57.383 15.469 86.241 70.327 6.057 49.794 17.016 49.679 6.029 34.414 70.166 78.499 10.294 12.671 69.534 26.220 56.278
49.926 33.131 58.215 38.420 70.846 16.344 75.406 6.133 71.146 72.756 37.100 28.680 57.168 17.009 96.065 65.703 14.636 85.263 74.848 85.645
27.352 90.195 96.414 84.605 17.867 66.702 83.714 56.666 62.226 42.501 63.522 70.031 48.339 47.695 73.319 45.627 16.602 93.540 15.741 36.982

997.464 723.555 743.777 322.950 570.722 1018.917 684.518 742.583 457.487 317.686 642.434 562.643 736.000 928.422 446.807 949.457 639.447 448.511 759.239 535.560 684.070 546.852 660.780 906.912 855.038 800.754 583.051 495.372 609.066 950.396 
